# Patch visualization metadata
# Format: patch mirrored jac_det center_x center_y u_dir_x u_dir_y v_dir_x v_dir_y
0 1 -65.4623 36.8791 -0.448839 0.0494369 -0.998777 -0.998699 0.0509947
1 0 45.8645 29.4756 -9.44672 0.0409564 0.999161 -0.998756 0.0498622
2 1 -55.9472 30.1256 -0.600114 0.003018 0.999995 0.998347 0.0574794
3 0 38.9412 29.5283 7.40132 -0.156963 0.987605 -0.996916 -0.0784706
4 0 58.8842 31.7245 14.5071 -0.659253 -0.751921 0.554284 -0.832328
5 0 77.5683 39.1736 17.3965 -0.94331 0.331914 -0.419669 -0.907677
6 0 107.471 45.7652 9.178 -0.103806 0.994598 -0.998527 -0.054259
7 0 72.5158 45.1503 -1.38801 0.0324187 -0.999474 0.991808 -0.127735
8 1 -114.956 44.9417 -12.602 -0.888194 0.459468 0.388899 0.921281
9 0 49.4276 36.9549 -18.3517 0.259559 -0.965727 0.999507 0.0314077
10 0 77.4198 30.1695 -18.2729 0.178599 -0.983922 0.996992 0.0775052
11 1 -239.73 -8.15045 -20.6115 1 -0.000402555 -0.571897 -0.820326
12 1 -56.5029 21.7456 -20.0775 0.97603 0.217637 0.0927282 -0.995691
13 0 120.946 23.5651 18.7145 -0.987449 0.157939 -0.44004 -0.897978
14 1 -372.971 -36.6356 -0.341643 0.00303 -0.999995 -0.99653 0.0832355
15 1 -357.803 -7.8951 19.2642 0.473798 -0.880633 -0.999998 -0.00192022
