# Interface visualization metadata
# Format: patchA patchB sideA sideB reversed mirroredA mirroredB gap xA yA tanAx tanAy xB yB tanBx tanBy
0 7 V0 V0 0 1 0 1.03177e-05 40.5326 -0.793295 0.0457133 -0.998955 40.5326 -0.793297 0.0457123 -0.998955
0 2 V1 V1 1 1 1 1.38597e-05 33.2521 -0.420103 -0.0047646 -0.999989 33.2521 -0.420107 0.00476406 0.999989
3 4 U1 U1 1 0 0 0.000196024 28.7682 10.8437 -0.985076 0.172122 28.7684 10.8437 0.985075 -0.172128
4 5 U0 U1 0 0 0 0 34.9537 17.9027 0.0320776 -0.999485 34.9537 17.9027 0.0320776 -0.999485
4 13 V0 U0 0 0 0 0 29.9333 17.1968 -0.648309 -0.761377 29.9333 17.1968 -0.648309 -0.761377
8 9 V0 V1 1 1 0 3.6095e-05 39.7733 -17.7621 -0.365184 0.930935 39.7733 -17.7621 0.365207 -0.930926
9 10 V0 V1 0 0 0 0 34.1954 -17.9599 0.117471 -0.993076 34.1954 -17.9599 0.117471 -0.993076
10 12 V0 U1 0 0 1 0 26.1436 -18.5858 0.245895 -0.969297 26.1436 -18.5858 0.245895 -0.969297
1 2 U1 U0 1 0 1 7.70522e-05 30.1122 -5.0745 -0.95077 0.309899 30.1121 -5.07454 0.950778 -0.309873
1 10 U0 U0 1 0 0 0.000132615 29.3088 -13.5322 -0.989516 -0.144421 29.309 -13.5322 0.989516 0.144423
2 3 U1 U0 1 1 0 0.000362379 30.1391 3.87431 0.916068 0.401023 30.1395 3.87429 -0.916049 -0.401066
5 6 U0 U1 0 0 0 0.00017419 42.7853 15.1453 -0.809635 -0.586934 42.7855 15.1454 -0.809641 -0.586926
6 7 U0 U0 1 0 0 0.00059709 45.0219 2.55427 -0.904203 0.427103 45.0225 2.55439 0.904231 -0.427044
7 8 U1 V1 1 0 1 7.83718e-05 45.2782 -5.33042 0.973641 0.228085 45.2783 -5.33045 -0.97364 -0.228089
11 12 U1 U0 0 1 1 0.000746492 16.8669 -20.6131 -0.0396228 -0.999215 16.8664 -20.6126 -0.0395837 -0.999216
13 15 U1 V0 0 0 1 0.000488939 16.7024 19.2596 0.0709124 -0.997483 16.7029 19.2597 0.0709279 -0.997481
