# Patch visualization metadata
# Format: patch mirrored jac_det center_x center_y u_dir_x u_dir_y v_dir_x v_dir_y
0 1 -0.389822 0.958086 4.66216 0.0124357 0.999923 0.98494 -0.172896
1 1 -0.208482 1.58492 4.46442 0.319498 0.947587 0.933575 -0.358383
2 1 -0.204521 2.06063 4.32625 0.452707 0.891659 0.939342 -0.342981
3 1 -0.130943 2.45978 4.09075 0.50719 0.861834 0.825642 -0.564194
4 1 -0.160424 2.80113 3.87349 0.786361 0.617768 0.80092 -0.598772
5 0 0.466875 0.361012 3.99073 -0.259616 0.965712 -0.998614 0.0526397
6 1 -0.162545 1.50153 3.93868 -0.0432563 0.999064 0.884394 -0.466742
7 1 -0.107597 2.2646 3.64979 0.222571 0.974916 0.785763 -0.618528
8 1 -0.165574 2.93399 3.3635 0.348587 0.937276 0.999528 -0.030724
9 0 0.187335 0.541281 3.3147 -0.11518 0.993345 -0.98335 -0.181723
10 1 -0.147296 1.05938 3.38111 -0.131715 0.991288 0.991594 0.129387
11 1 -0.105548 1.48096 3.44721 -0.0122635 0.999925 0.98507 -0.172155
12 1 -0.112724 1.80203 3.3282 0.191876 0.981419 0.946715 -0.322072
13 1 -0.0682906 2.14512 3.25643 0.334918 0.942247 0.889023 -0.457862
14 1 -0.0626226 2.39913 3.1067 0.567371 0.823462 0.958024 -0.286687
15 1 -0.151918 2.82521 2.99109 0.127723 0.99181 0.962493 -0.271307
16 0 0.64067 0.653083 2.42257 -0.966459 -0.25682 0.508899 -0.860826
17 0 0.604061 1.09863 1.23012 -0.943438 -0.331549 -0.106111 -0.994354
18 0 0.663874 1.81041 0.47803 -0.0739097 -0.997265 0.999997 0.00249984
19 0 0.658239 2.7738 1.20156 0.966857 -0.255317 0.216572 0.976267
20 0 0.435316 2.87538 2.47729 0.941628 -0.336656 -0.11136 0.99378
