# Box structure in parameter space [0,1]x[0,1]
# Format: patch level u0 v0 u1 v1 ix0 iy0 ix1 iy1
0 2 0 0 1 1 0 0 4 4
1 2 0 0 1 1 0 0 4 4
2 2 0 0 1 1 0 0 4 4
3 2 0 0 1 1 0 0 4 4
4 2 0 0 1 1 0 0 4 4
5 2 0 0 1 1 0 0 4 4
6 2 0 0 1 1 0 0 4 4
7 2 0 0 1 1 0 0 4 4
8 2 0 0 1 1 0 0 4 4
9 2 0 0 1 1 0 0 4 4
10 2 0 0 1 1 0 0 4 4
11 2 0 0 1 1 0 0 4 4
12 2 0 0 1 1 0 0 4 4
13 2 0 0 1 1 0 0 4 4
14 2 0 0 1 1 0 0 4 4
15 2 0 0 1 1 0 0 4 4
16 2 0 0 1 1 0 0 4 4
17 2 0 0 1 1 0 0 4 4
18 2 0 0 1 1 0 0 4 4
19 2 0 0 1 1 0 0 4 4
20 2 0 0 1 1 0 0 4 4
