# Box structure in parameter space [0,1]x[0,1]
# Format: patch level u0 v0 u1 v1 ix0 iy0 ix1 iy1
0 1 0 0 1 1 0 0 2 2
1 1 0 0 1 1 0 0 2 2
2 1 0 0 1 1 0 0 2 2
3 1 0 0 1 1 0 0 2 2
4 1 0 0 1 1 0 0 2 2
5 1 0 0 1 1 0 0 2 2
6 1 0 0 1 1 0 0 2 2
7 1 0 0 1 1 0 0 2 2
8 1 0 0 1 1 0 0 2 2
9 2 0.5 0 1 1 2 0 4 4
9 1 0 0 0.5 1 0 0 1 2
10 1 0 0 1 1 0 0 2 2
11 1 0 0 1 1 0 0 2 2
12 1 0 0 1 1 0 0 2 2
13 1 0 0 1 1 0 0 2 2
14 1 0 0 1 1 0 0 2 2
15 1 0 0 1 1 0 0 2 2
16 1 0.5 0 1 1 1 0 2 2
16 2 0 0.5 0.5 1 0 2 2 4
16 1 0 0 0.5 0.5 0 0 1 1
17 1 0 0 1 1 0 0 2 2
18 2 0.5 0.5 1 1 2 2 4 4
18 1 0.5 0 1 0.5 1 0 2 1
18 1 0 0 0.5 1 0 0 1 2
19 1 0 0 1 1 0 0 2 2
20 1 0.5 0 1 1 1 0 2 2
20 1 0 0.5 0.5 1 0 1 1 2
20 2 0 0 0.5 0.5 0 0 2 2
