# Patch visualization metadata
# Format: patch mirrored jac_det center_x center_y u_dir_x u_dir_y v_dir_x v_dir_y
0 1 -0.389822 0.958086 4.66216 0.0124353 0.999923 0.98494 -0.172896
1 1 -0.208482 1.58492 4.46442 0.319498 0.947587 0.933574 -0.358383
2 1 -0.204521 2.06063 4.32625 0.452707 0.891659 0.939342 -0.342981
3 1 -0.130943 2.45978 4.09074 0.50719 0.861834 0.825642 -0.564194
4 1 -0.160424 2.80113 3.87349 0.786361 0.617768 0.80092 -0.598772
5 0 0.466869 0.361011 3.99073 -0.259615 0.965712 -0.998615 0.0526135
6 1 -0.162545 1.50153 3.93868 -0.0432564 0.999064 0.884394 -0.466741
7 1 -0.107597 2.2646 3.6498 0.222571 0.974916 0.785763 -0.618528
8 1 -0.165574 2.93399 3.36349 0.348579 0.937279 0.999528 -0.0307215
9 0 0.182394 0.54165 3.31504 -0.152473 0.988308 -0.98342 -0.181341
10 1 -0.147507 1.05939 3.38109 -0.132112 0.991235 0.991551 0.129714
11 1 -0.105546 1.48096 3.44721 -0.0122531 0.999925 0.985066 -0.172175
12 1 -0.112724 1.80204 3.3282 0.191876 0.981419 0.946715 -0.322071
13 1 -0.0682907 2.14512 3.25642 0.334917 0.942248 0.889023 -0.457862
14 1 -0.0626213 2.39913 3.1067 0.567393 0.823447 0.958025 -0.286684
15 1 -0.151928 2.8252 2.99109 0.128161 0.991753 0.962477 -0.271365
16 0 0.642222 0.629349 2.40918 -0.965614 -0.259981 0.421385 -0.906882
17 0 0.652742 1.10219 1.23039 -0.941131 -0.338043 -0.00960944 -0.999954
18 0 0.72371 1.80979 0.484499 -0.0746437 -0.99721 1 1.50184e-16
19 0 0.656072 2.76214 1.20376 0.965325 -0.26105 0.289399 0.957209
20 0 0.434981 2.87578 2.47723 0.942284 -0.334815 -0.116082 0.99324
