# Interface visualization metadata
# Format: patchA patchB sideA sideB reversed mirroredA mirroredB gap xA yA tanAx tanAy xB yB tanBx tanBy
0 1 V1 V0 0 1 1 0 1.3524 4.5158 0.273738 0.961804 1.3524 4.5158 0.273738 0.961804
0 5 V0 U1 0 1 0 0 0.489006 4.49488 -0.726542 0.687122 0.489006 4.49488 -0.726542 0.687122
1 2 V1 V0 0 1 1 0 1.79785 4.35925 0.358926 0.933366 1.79785 4.35925 0.358926 0.933366
1 6 U0 U1 0 1 1 0 1.50195 4.25665 0.912498 -0.40908 1.50195 4.25665 0.912498 -0.40908
2 3 V1 V0 0 1 1 0 2.28285 4.16995 0.502146 0.864783 2.28285 4.16995 0.502146 0.864783
3 4 V1 V0 0 1 1 0 2.583 3.9619 0.426459 0.904507 2.583 3.9619 0.426459 0.904507
3 7 U0 U1 0 1 1 0 2.35015 3.9112 0.861225 -0.508224 2.35015 3.9112 0.861225 -0.508224
4 8 V1 U1 0 1 1 0 2.94996 3.6325 0.976228 0.216745 2.94996 3.6325 0.976228 0.216745
5 9 U0 U1 0 0 0 0 0.52795 3.55565 -0.976965 -0.2134 0.52795 3.55565 -0.976965 -0.2134
6 11 U0 U1 0 1 1 0 1.48951 3.62564 0.980263 -0.197699 1.48951 3.62564 0.980263 -0.197699
7 13 U0 U1 0 1 1 0 2.18859 3.39944 0.868034 -0.496504 2.18859 3.39944 0.868034 -0.496504
8 15 U0 U1 0 1 1 0 2.83826 3.16511 0.9652 -0.261512 2.83826 3.16511 0.9652 -0.261512
9 10 V0 V0 0 0 1 0 0.7535 3.3625 -0.147406 0.989076 0.7535 3.3625 -0.147406 0.989076
9 16 U0 V0 0 0 0 0 0.592721 3.09513 -0.988932 -0.148366 0.592721 3.09513 -0.988932 -0.148366
10 11 V1 V0 0 1 1 0 1.32509 3.46975 -0.103974 0.99458 1.32509 3.46975 -0.103974 0.99458
11 12 V1 V0 0 1 1 0 1.62455 3.4213 0.183089 0.983096 1.62455 3.4213 0.183089 0.983096
12 13 V1 V0 0 1 1 0 2.0231 3.3132 0.195172 0.980769 2.0231 3.3132 0.195172 0.980769
13 14 V1 V0 0 1 1 0 2.2583 3.19635 0.581668 0.813426 2.2583 3.19635 0.581668 0.813426
14 15 V1 V0 0 1 1 0 2.60355 3.05355 0.272322 0.962206 2.60355 3.05355 0.272322 0.962206
15 20 U0 V1 0 1 0 0 2.79211 2.82708 0.970493 -0.24113 2.79211 2.82708 0.970493 -0.24113
16 17 V1 V0 0 0 0 0 1.11718 1.84642 -0.956083 -0.293096 1.11718 1.84642 -0.956083 -0.293096
17 18 V1 V0 0 0 0 0 1.24538 0.680963 -0.782921 -0.622121 1.24538 0.680963 -0.782921 -0.622121
18 19 V1 V0 0 0 0 0 2.47244 0.662648 0.74245 -0.669902 2.47244 0.662648 0.74245 -0.669902
19 20 V1 V0 0 0 0 0 2.89534 1.97962 0.979501 -0.201441 2.89534 1.97962 0.979501 -0.201441
