# Interface visualization metadata
# Format: patchA patchB sideA sideB reversed mirroredA mirroredB gap xA yA tanAx tanAy xB yB tanBx tanBy
0 1 V1 V0 0 1 1 0 1.3524 4.5158 0.273738 0.961804 1.3524 4.5158 0.273738 0.961804
0 5 V0 U1 0 1 0 0 0.489007 4.49488 -0.72654 0.687124 0.489007 4.49488 -0.72654 0.687124
1 2 V1 V0 0 1 1 0 1.79785 4.35925 0.358926 0.933366 1.79785 4.35925 0.358926 0.933366
1 6 U0 U1 0 1 1 0 1.50195 4.25665 0.912498 -0.40908 1.50195 4.25665 0.912498 -0.40908
2 3 V1 V0 0 1 1 0 2.28285 4.16995 0.502146 0.864783 2.28285 4.16995 0.502146 0.864783
3 4 V1 V0 0 1 1 0 2.583 3.9619 0.426459 0.904507 2.583 3.9619 0.426459 0.904507
3 7 U0 U1 0 1 1 0 2.35015 3.9112 0.861225 -0.508224 2.35015 3.9112 0.861225 -0.508224
4 8 V1 U1 0 1 1 0 2.94995 3.6325 0.976228 0.216744 2.94995 3.6325 0.976228 0.216744
5 9 U0 U1 0 0 0 0.000145052 0.527947 3.55566 -0.976938 -0.213523 0.528056 3.55575 -0.976938 -0.213523
6 11 U0 U1 0 1 1 0 1.48951 3.62564 0.980264 -0.197694 1.48951 3.62564 0.980264 -0.197694
7 13 U0 U1 0 1 1 0 2.18859 3.39944 0.868034 -0.496504 2.18859 3.39944 0.868034 -0.496504
8 15 U0 U1 0 1 1 0 2.83827 3.16511 0.965205 -0.261496 2.83827 3.16511 0.965205 -0.261496
9 10 V0 V0 0 0 1 0 0.753564 3.36234 -0.148944 0.988846 0.753564 3.36234 -0.148944 0.988846
9 16 U0 V0 0 0 0 0 0.599724 3.1018 -0.989363 -0.145467 0.599724 3.1018 -0.989363 -0.145467
10 11 V1 V0 0 1 1 0 1.32509 3.46975 -0.103913 0.994586 1.32509 3.46975 -0.103913 0.994586
11 12 V1 V0 0 1 1 0 1.62455 3.4213 0.183085 0.983097 1.62455 3.4213 0.183085 0.983097
12 13 V1 V0 0 1 1 0 2.0231 3.3132 0.195172 0.980769 2.0231 3.3132 0.195172 0.980769
13 14 V1 V0 0 1 1 0 2.2583 3.19635 0.581663 0.81343 2.2583 3.19635 0.581663 0.81343
14 15 V1 V0 0 1 1 0 2.60355 3.05355 0.27243 0.962176 2.60355 3.05355 0.27243 0.962176
15 20 U0 V1 0 1 0 0 2.79201 2.82709 0.970387 -0.241554 2.79201 2.82709 0.970387 -0.241554
16 17 V1 V0 0 0 0 0 1.13323 1.85061 -0.957292 -0.289122 1.13323 1.85061 -0.957292 -0.289122
17 18 V1 V0 0 0 0 0 1.24306 0.679103 -0.790774 -0.612108 1.24306 0.679103 -0.790774 -0.612108
18 19 V1 V0 0 0 0 0 2.47913 0.657797 0.749855 -0.661603 2.47913 0.657797 0.749855 -0.661603
19 20 V1 V0 0 0 0 0 2.89936 1.97886 0.983788 -0.179336 2.89936 1.97886 0.983788 -0.179336
