# Patch visualization metadata
# Format: patch mirrored jac_det center_x center_y u_dir_x u_dir_y v_dir_x v_dir_y
0 0 92.4686 48.9816 1.52763 -0.0325029 -0.999472 0.982063 0.188551
1 0 219.38 39.2354 13.5086 0.983814 0.179195 0.110784 0.993845
2 0 165.989 23.0373 5.71918 0.693443 -0.720511 0.768578 0.639756
3 1 -272.304 38.5004 -14.66 0.554674 -0.832067 -0.982809 -0.184625
4 1 -274.569 14.4129 -13.6167 -0.143413 0.989663 0.996375 0.0850678
5 0 318.195 9.90416 -0.00868012 0.442024 -0.897003 0.989994 0.14111
6 1 -135.745 -5.82034 2.45001 -0.0696814 0.997569 0.939257 0.343214
7 0 88.9067 -4.322 -17.7873 0.42814 -0.903712 0.993717 0.111919
8 1 -326.582 -26.8774 -15.711 -0.998559 -0.0536583 0.721444 0.692473
9 0 435.075 -25.4602 3.20494 0.889181 -0.457556 0.713592 0.700562
