# Visualization Mesh
# Format: x y patch_id direction
# Blank line separates different grid lines
# Total lines: 58

44.5379 7.27525 0 u
44.8578 6.69542 0 u
45.1207 6.08827 0 u
45.3411 5.46768 0 u
45.52 4.83562 0 u
45.6583 4.19405 0 u
45.7572 3.54494 0 u
45.8175 2.89026 0 u
45.8403 2.23197 0 u
45.8266 1.57205 0 u
45.7775 0.912449 0 u
45.6938 0.255145 0 u
45.5766 -0.397898 0 u
45.4269 -1.04471 0 u
45.2457 -1.68334 0 u
45.034 -2.3118 0 u
44.7928 -2.92813 0 u
44.5232 -3.53037 0 u
44.226 -4.11654 0 u
43.9023 -4.68469 0 u
43.545 -5.23887 0 u

51.2557 10.006 0 u
51.4234 9.23063 0 u
51.5693 8.45098 0 u
51.6992 7.66874 0 u
51.8135 6.88417 0 u
51.9123 6.09755 0 u
51.996 5.30914 0 u
52.065 4.51919 0 u
52.1194 3.72798 0 u
52.1595 2.93577 0 u
52.1858 2.14282 0 u
52.1984 1.3494 0 u
52.1977 0.555772 0 u
52.1839 -0.237796 0 u
52.1574 -1.03104 0 u
52.1184 -1.8237 0 u
52.0672 -2.61551 0 u
52.0042 -3.4062 0 u
51.9296 -4.19551 0 u
51.8437 -4.98317 0 u
51.7419 -5.76966 0 u

44.5379 7.27525 0 v
44.8738 7.41178 0 v
45.2097 7.54832 0 v
45.5456 7.68486 0 v
45.8815 7.82139 0 v
46.2174 7.95793 0 v
46.5533 8.09446 0 v
46.8891 8.231 0 v
47.225 8.36753 0 v
47.5609 8.50407 0 v
47.8968 8.6406 0 v
48.2327 8.77714 0 v
48.5686 8.91368 0 v
48.9045 9.05021 0 v
49.2404 9.18675 0 v
49.5762 9.32328 0 v
49.9121 9.45982 0 v
50.248 9.59635 0 v
50.5839 9.73289 0 v
50.9198 9.86943 0 v
51.2557 10.006 0 v

43.545 -5.23887 0 v
43.9549 -5.26541 0 v
44.3647 -5.29195 0 v
44.7746 -5.31849 0 v
45.1844 -5.34503 0 v
45.5943 -5.37157 0 v
46.0041 -5.39811 0 v
46.4139 -5.42465 0 v
46.8238 -5.45119 0 v
47.2336 -5.47773 0 v
47.6435 -5.50426 0 v
48.0533 -5.5308 0 v
48.4632 -5.55734 0 v
48.873 -5.58388 0 v
49.2829 -5.61042 0 v
49.6927 -5.63696 0 v
50.1026 -5.6635 0 v
50.5124 -5.69004 0 v
50.9223 -5.71658 0 v
51.3321 -5.74312 0 v
51.7419 -5.76966 0 v

32.7713 5.24989 1 u
33.3307 5.59218 1 u
33.8568 5.91363 1 u
34.407 6.25847 1 u
34.9784 6.61801 1 u
35.5679 6.98356 1 u
36.1729 7.34645 1 u
36.7902 7.69799 1 u
37.4171 8.0295 1 u
38.0507 8.33229 1 u
38.688 8.59768 1 u
39.3261 8.817 1 u
39.9622 8.98155 1 u
40.5933 9.08265 1 u
41.2165 9.11163 1 u
41.829 9.05979 1 u
42.4278 8.91846 1 u
43.01 8.67895 1 u
43.5728 8.33258 1 u
44.1132 7.87066 1 u
44.5387 7.27637 1 u

23.9671 12.9382 1 u
25.4417 13.5289 1 u
26.8131 14.1919 1 u
28.2791 14.8712 1 u
29.8232 15.547 1 u
31.4283 16.1994 1 u
33.0778 16.8088 1 u
34.7548 17.3552 1 u
36.4425 17.819 1 u
38.1241 18.1804 1 u
39.7828 18.4195 1 u
41.4019 18.5167 1 u
42.9644 18.4521 1 u
44.4536 18.206 1 u
45.8527 17.7585 1 u
47.1449 17.09 1 u
48.3134 16.1806 1 u
49.3413 15.0105 1 u
50.2119 13.56 1 u
50.9084 11.8093 1 u
51.2571 10.004 1 u

32.7713 5.24989 1 v
32.3311 5.63431 1 v
31.8908 6.01872 1 v
31.4506 6.40314 1 v
31.0104 6.78755 1 v
30.5702 7.17197 1 v
30.13 7.55638 1 v
29.6898 7.9408 1 v
29.2496 8.32521 1 v
28.8094 8.70963 1 v
28.3692 9.09404 1 v
27.929 9.47846 1 v
27.4888 9.86287 1 v
27.0486 10.2473 1 v
26.6083 10.6317 1 v
26.1681 11.0161 1 v
25.7279 11.4005 1 v
25.2877 11.7849 1 v
24.8475 12.1694 1 v
24.4073 12.5538 1 v
23.9671 12.9382 1 v

44.5387 7.27637 1 v
44.8746 7.41275 1 v
45.2106 7.54913 1 v
45.5465 7.68551 1 v
45.8824 7.82189 1 v
46.2183 7.95827 1 v
46.5542 8.09465 1 v
46.8902 8.23103 1 v
47.2261 8.36741 1 v
47.562 8.50379 1 v
47.8979 8.64017 1 v
48.2338 8.77655 1 v
48.5698 8.91293 1 v
48.9057 9.04932 1 v
49.2416 9.1857 1 v
49.5775 9.32208 1 v
49.9134 9.45846 1 v
50.2494 9.59484 1 v
50.5853 9.73122 1 v
50.9212 9.8676 1 v
51.2571 10.004 1 v

12.4697 8.71932 2 u
13.2285 8.01041 2 u
13.9873 7.30151 2 u
14.746 6.59261 2 u
15.5048 5.8837 2 u
16.2635 5.1748 2 u
17.0223 4.46589 2 u
17.7811 3.75699 2 u
18.5398 3.04809 2 u
19.2986 2.33918 2 u
20.0573 1.63028 2 u
20.8161 0.921376 2 u
21.5749 0.212473 2 u
22.3336 -0.496431 2 u
23.0924 -1.20533 2 u
23.8512 -1.91424 2 u
24.6099 -2.62314 2 u
25.3687 -3.33205 2 u
26.1274 -4.04095 2 u
26.8862 -4.74985 2 u
27.645 -5.45876 2 u

23.9667 12.9378 2 u
24.4069 12.5534 2 u
24.8472 12.169 2 u
25.2874 11.7846 2 u
25.7276 11.4002 2 u
26.1678 11.0158 2 u
26.6081 10.6314 2 u
27.0483 10.247 2 u
27.4885 9.86265 2 u
27.9287 9.47825 2 u
28.369 9.09385 2 u
28.8092 8.70945 2 u
29.2494 8.32506 2 u
29.6896 7.94066 2 u
30.1299 7.55626 2 u
30.5701 7.17187 2 u
31.0103 6.78747 2 u
31.4505 6.40307 2 u
31.8908 6.01868 2 u
32.331 5.63428 2 u
32.7712 5.24988 2 u

12.4697 8.71932 2 v
13.0574 8.89299 2 v
13.6435 9.07184 2 v
14.228 9.25568 2 v
14.8109 9.44428 2 v
15.3923 9.63743 2 v
15.9722 9.83493 2 v
16.5507 10.0366 2 v
17.1278 10.2421 2 v
17.7036 10.4514 2 v
18.2781 10.6642 2 v
18.8514 10.8802 2 v
19.4236 11.0994 2 v
19.9947 11.3214 2 v
20.5648 11.546 2 v
21.1339 11.7731 2 v
21.702 12.0025 2 v
22.2693 12.2338 2 v
22.8358 12.467 2 v
23.4016 12.7018 2 v
23.9667 12.9378 2 v

27.645 -5.45876 2 v
27.301 -4.84935 2 v
27.0204 -4.18409 2 v
26.8382 -3.5254 2 v
26.7483 -2.87481 2 v
26.7444 -2.23381 2 v
26.8202 -1.60393 2 v
26.9696 -0.986672 2 v
27.1862 -0.38356 2 v
27.464 0.203898 2 v
27.7965 0.774187 2 v
28.1777 1.32579 2 v
28.6013 1.85721 2 v
29.061 2.36691 2 v
29.5506 2.85339 2 v
30.0639 3.31513 2 v
30.5947 3.75063 2 v
31.1367 4.15836 2 v
31.6837 4.53682 2 v
32.2294 4.88448 2 v
32.7712 5.24988 2 v

43.5451 -5.23866 3 u
43.9548 -5.26508 3 u
44.3644 -5.29149 3 u
44.7741 -5.31791 3 u
45.1837 -5.34433 3 u
45.5934 -5.37075 3 u
46.003 -5.39717 3 u
46.4127 -5.42358 3 u
46.8223 -5.45 3 u
47.232 -5.47642 3 u
47.6416 -5.50284 3 u
48.0513 -5.52926 3 u
48.4609 -5.55567 3 u
48.8706 -5.58209 3 u
49.2802 -5.60851 3 u
49.6899 -5.63493 3 u
50.0995 -5.66135 3 u
50.5092 -5.68776 3 u
50.9188 -5.71418 3 u
51.3285 -5.7406 3 u
51.7381 -5.76702 3 u

27.6447 -5.45891 3 u
27.3952 -6.18308 3 u
27.1456 -6.90724 3 u
26.8961 -7.63141 3 u
26.6466 -8.35558 3 u
26.3971 -9.07974 3 u
26.1475 -9.80391 3 u
25.898 -10.5281 3 u
25.6485 -11.2522 3 u
25.399 -11.9764 3 u
25.1495 -12.7006 3 u
24.8999 -13.4247 3 u
24.6504 -14.1489 3 u
24.4009 -14.8731 3 u
24.1514 -15.5972 3 u
23.9018 -16.3214 3 u
23.6523 -17.0456 3 u
23.4028 -17.7697 3 u
23.1533 -18.4939 3 u
22.9038 -19.2181 3 u
22.6542 -19.9422 3 u

43.5451 -5.23866 3 v
42.9847 -6.03446 3 v
42.3753 -6.86048 3 v
41.6888 -7.60035 3 v
40.9349 -8.25234 3 v
40.1235 -8.81472 3 v
39.2642 -9.28578 3 v
38.3666 -9.66377 3 v
37.4406 -9.94699 3 v
36.4959 -10.1337 3 v
35.5421 -10.2221 3 v
34.5889 -10.2106 3 v
33.6462 -10.0975 3 v
32.7235 -9.88085 3 v
31.8306 -9.5591 3 v
30.9772 -9.13047 3 v
30.1731 -8.59325 3 v
29.4279 -7.94571 3 v
28.7513 -7.18612 3 v
28.1531 -6.31275 3 v
27.6447 -5.45891 3 v

51.7381 -5.76702 3 v
51.5862 -7.77079 3 v
51.2443 -9.88525 3 v
50.6608 -11.7512 3 v
49.8554 -13.3834 3 v
48.8476 -14.7967 3 v
47.657 -16.0059 3 v
46.3033 -17.0258 3 v
44.8059 -17.8712 3 v
43.1846 -18.557 3 v
41.4588 -19.0979 3 v
39.6482 -19.5087 3 v
37.7724 -19.8044 3 v
35.851 -19.9996 3 v
33.9035 -20.1092 3 v
31.9495 -20.1481 3 v
30.0087 -20.1309 3 v
28.1006 -20.0726 3 v
26.2448 -19.9879 3 v
24.4609 -19.8917 3 v
22.6542 -19.9422 3 v

8.00312 -19.9235 4 u
7.5705 -19.3845 4 u
7.13788 -18.8455 4 u
6.70526 -18.3065 4 u
6.27264 -17.7676 4 u
5.84003 -17.2286 4 u
5.40741 -16.6896 4 u
4.97479 -16.1506 4 u
4.54217 -15.6116 4 u
4.10955 -15.0726 4 u
3.67694 -14.5337 4 u
3.24432 -13.9947 4 u
2.8117 -13.4557 4 u
2.37908 -12.9167 4 u
1.94647 -12.3777 4 u
1.51385 -11.8388 4 u
1.08123 -11.2998 4 u
0.648611 -10.7608 4 u
0.215993 -10.2218 4 u
-0.216625 -9.68283 4 u
-0.649243 -9.14385 4 u

22.6531 -19.942 4 u
22.9027 -19.2178 4 u
23.1523 -18.4937 4 u
23.4018 -17.7695 4 u
23.6514 -17.0453 4 u
23.901 -16.3211 4 u
24.1506 -15.597 4 u
24.4002 -14.8728 4 u
24.6497 -14.1486 4 u
24.8993 -13.4244 4 u
25.1489 -12.7003 4 u
25.3985 -11.9761 4 u
25.6481 -11.2519 4 u
25.8977 -10.5277 4 u
26.1472 -9.80356 4 u
26.3968 -9.07938 4 u
26.6464 -8.35521 4 u
26.896 -7.63103 4 u
27.1456 -6.90685 4 u
27.3952 -6.18268 4 u
27.6447 -5.4585 4 u

8.00312 -19.9235 4 v
8.73561 -19.9243 4 v
9.46811 -19.9251 4 v
10.2006 -19.9259 4 v
10.9331 -19.9268 4 v
11.6656 -19.9276 4 v
12.3981 -19.9285 4 v
13.1306 -19.9294 4 v
13.8631 -19.9303 4 v
14.5956 -19.9312 4 v
15.3281 -19.9322 4 v
16.0606 -19.9331 4 v
16.7931 -19.9341 4 v
17.5256 -19.9351 4 v
18.2581 -19.936 4 v
18.9906 -19.937 4 v
19.7231 -19.938 4 v
20.4556 -19.939 4 v
21.1881 -19.94 4 v
21.9206 -19.941 4 v
22.6531 -19.942 4 v

-0.649243 -9.14385 4 v
0.765456 -8.95958 4 v
2.18016 -8.77531 4 v
3.59485 -8.59105 4 v
5.00955 -8.40678 4 v
6.42425 -8.22251 4 v
7.83895 -8.03824 4 v
9.25365 -7.85398 4 v
10.6683 -7.66971 4 v
12.083 -7.48544 4 v
13.4977 -7.30117 4 v
14.9124 -7.11691 4 v
16.3271 -6.93264 4 v
17.7418 -6.74837 4 v
19.1565 -6.56411 4 v
20.5712 -6.37984 4 v
21.9859 -6.19557 4 v
23.4006 -6.0113 4 v
24.8153 -5.82704 4 v
26.23 -5.64277 4 v
27.6447 -5.4585 4 v

0.0189515 6.67842 5 u
-0.0144582 5.88731 5 u
-0.0478679 5.0962 5 u
-0.0812776 4.30508 5 u
-0.114687 3.51397 5 u
-0.148097 2.72286 5 u
-0.181507 1.93174 5 u
-0.214916 1.14063 5 u
-0.248326 0.349515 5 u
-0.281736 -0.441599 5 u
-0.315146 -1.23271 5 u
-0.348555 -2.02383 5 u
-0.381965 -2.81494 5 u
-0.415375 -3.60605 5 u
-0.448784 -4.39717 5 u
-0.482194 -5.18828 5 u
-0.515604 -5.97939 5 u
-0.549013 -6.77051 5 u
-0.582423 -7.56162 5 u
-0.615833 -8.35273 5 u
-0.649243 -9.14385 5 u

12.4698 8.71934 5 u
13.2285 8.01044 5 u
13.9873 7.30155 5 u
14.746 6.59266 5 u
15.5048 5.88377 5 u
16.2635 5.17488 5 u
17.0223 4.46599 5 u
17.781 3.75709 5 u
18.5398 3.0482 5 u
19.2985 2.33931 5 u
20.0573 1.63042 5 u
20.816 0.921526 5 u
21.5748 0.212634 5 u
22.3335 -0.496258 5 u
23.0923 -1.20515 5 u
23.851 -1.91404 5 u
24.6097 -2.62293 5 u
25.3685 -3.33183 5 u
26.1272 -4.04072 5 u
26.886 -4.74961 5 u
27.6447 -5.4585 5 u

0.0189515 6.67842 5 v
0.651474 6.69441 5 v
1.28393 6.72091 5 v
1.91564 6.75776 5 v
2.54653 6.80469 5 v
3.17653 6.86145 5 v
3.80557 6.92779 5 v
4.43356 7.00345 5 v
5.06045 7.08818 5 v
5.68614 7.18172 5 v
6.31058 7.28381 5 v
6.93368 7.39421 5 v
7.55537 7.51266 5 v
8.17558 7.6389 5 v
8.79423 7.77268 5 v
9.41125 7.91374 5 v
10.0266 8.06183 5 v
10.6401 8.21669 5 v
11.2518 8.37807 5 v
11.8616 8.54572 5 v
12.4698 8.71934 5 v

-0.649243 -9.14385 5 v
0.765456 -8.95958 5 v
2.18016 -8.77531 5 v
3.59485 -8.59105 5 v
5.00955 -8.40678 5 v
6.42425 -8.22251 5 v
7.83895 -8.03824 5 v
9.25365 -7.85398 5 v
10.6683 -7.66971 5 v
12.083 -7.48544 5 v
13.4977 -7.30117 5 v
14.9124 -7.11691 5 v
16.3271 -6.93264 5 v
17.7418 -6.74837 5 v
19.1565 -6.56411 5 v
20.5712 -6.37984 5 v
21.9859 -6.19557 5 v
23.4006 -6.0113 5 v
24.8153 -5.82704 5 v
26.23 -5.64277 5 v
27.6447 -5.4585 5 v

-13.2226 -1.24258 6 u
-13.1753 -0.710764 6 u
-13.128 -0.190672 6 u
-13.0807 0.318489 6 u
-13.0334 0.817508 6 u
-12.986 1.30718 6 u
-12.9387 1.78829 6 u
-12.8914 2.26164 6 u
-12.8441 2.72801 6 u
-12.7968 3.1882 6 u
-12.7495 3.64299 6 u
-12.7021 4.09319 6 u
-12.6548 4.53958 6 u
-12.6075 4.98295 6 u
-12.5602 5.4241 6 u
-12.5129 5.86381 6 u
-12.4655 6.30288 6 u
-12.4182 6.7421 6 u
-12.3709 7.18227 6 u
-12.3236 7.62416 6 u
-12.2763 8.06858 6 u

-0.649035 -9.14323 6 u
-0.615636 -8.35215 6 u
-0.582236 -7.56107 6 u
-0.548837 -6.76999 6 u
-0.515438 -5.9789 6 u
-0.482039 -5.18782 6 u
-0.44864 -4.39674 6 u
-0.41524 -3.60566 6 u
-0.381841 -2.81457 6 u
-0.348442 -2.02349 6 u
-0.315043 -1.23241 6 u
-0.281643 -0.441325 6 u
-0.248244 0.349758 6 u
-0.214845 1.14084 6 u
-0.181446 1.93192 6 u
-0.148047 2.72301 6 u
-0.114647 3.51409 6 u
-0.0812483 4.30517 6 u
-0.047849 5.09625 6 u
-0.0144498 5.88734 6 u
0.0189494 6.67842 6 u

-13.2226 -1.24258 6 v
-12.4768 -1.29124 6 v
-11.7075 -1.36919 6 v
-10.9205 -1.47761 6 v
-10.1218 -1.61769 6 v
-9.31743 -1.79062 6 v
-8.51322 -1.99758 6 v
-7.71516 -2.23976 6 v
-6.92917 -2.51834 6 v
-6.16121 -2.83451 6 v
-5.41721 -3.18946 6 v
-4.70311 -3.58437 6 v
-4.02486 -4.02043 6 v
-3.38839 -4.49883 6 v
-2.79964 -5.02074 6 v
-2.26457 -5.58737 6 v
-1.78909 -6.19988 6 v
-1.37917 -6.85947 6 v
-1.04073 -7.56733 6 v
-0.779714 -8.32463 6 v
-0.649035 -9.14323 6 v

-12.2763 8.06858 6 v
-11.669 7.96627 6 v
-11.0607 7.85894 6 v
-10.4516 7.74804 6 v
-9.84156 7.635 6 v
-9.23065 7.52129 6 v
-8.6189 7.40834 6 v
-8.00633 7.29759 6 v
-7.39297 7.19049 6 v
-6.77885 7.0885 6 v
-6.16398 6.99305 6 v
-5.54841 6.90558 6 v
-4.93215 6.82755 6 v
-4.31522 6.7604 6 v
-3.69766 6.70557 6 v
-3.07949 6.66452 6 v
-2.46074 6.63868 6 v
-1.84142 6.62949 6 v
-1.22157 6.63842 6 v
-0.601219 6.6669 6 v
0.0189494 6.67842 6 v

-13.8268 -14.6025 7 u
-13.8668 -14.8682 7 u
-13.9069 -15.1339 7 u
-13.9469 -15.3996 7 u
-13.987 -15.6653 7 u
-14.027 -15.9311 7 u
-14.0671 -16.1968 7 u
-14.1072 -16.4625 7 u
-14.1472 -16.7282 7 u
-14.1873 -16.9939 7 u
-14.2273 -17.2596 7 u
-14.2674 -17.5253 7 u
-14.3074 -17.791 7 u
-14.3475 -18.0568 7 u
-14.3875 -18.3225 7 u
-14.4276 -18.5882 7 u
-14.4676 -18.8539 7 u
-14.5077 -19.1196 7 u
-14.5477 -19.3853 7 u
-14.5878 -19.651 7 u
-14.6278 -19.9168 7 u

-0.649527 -9.14321 7 u
-0.216888 -9.68222 7 u
0.215751 -10.2212 7 u
0.64839 -10.7602 7 u
1.08103 -11.2993 7 u
1.51367 -11.8383 7 u
1.94631 -12.3773 7 u
2.37895 -12.9163 7 u
2.81158 -13.4553 7 u
3.24422 -13.9943 7 u
3.67686 -14.5333 7 u
4.1095 -15.0724 7 u
4.54214 -15.6114 7 u
4.97478 -16.1504 7 u
5.40742 -16.6894 7 u
5.84006 -17.2284 7 u
6.2727 -17.7674 7 u
6.70534 -18.3064 7 u
7.13797 -18.8455 7 u
7.57061 -19.3845 7 u
8.00325 -19.9235 7 u

-13.8268 -14.6025 7 v
-13.1018 -15.0041 7 v
-12.3188 -15.342 7 v
-11.4887 -15.615 7 v
-10.6221 -15.8216 7 v
-9.73002 -15.9606 7 v
-8.82312 -16.0307 7 v
-7.91225 -16.0305 7 v
-7.00821 -15.9588 7 v
-6.12182 -15.8143 7 v
-5.26388 -15.5956 7 v
-4.44518 -15.3015 7 v
-3.67655 -14.9306 7 v
-2.96878 -14.4817 7 v
-2.33268 -13.9534 7 v
-1.77905 -13.3443 7 v
-1.3187 -12.6534 7 v
-0.962441 -11.8791 7 v
-0.72107 -11.0202 7 v
-0.605396 -10.0754 7 v
-0.649527 -9.14321 7 v

-14.6278 -19.9168 7 v
-13.4962 -19.9159 7 v
-12.3647 -19.9151 7 v
-11.2332 -19.9146 7 v
-10.1018 -19.9142 7 v
-8.97051 -19.914 7 v
-7.83923 -19.9139 7 v
-6.70798 -19.9139 7 v
-5.57674 -19.9141 7 v
-4.44549 -19.9144 7 v
-3.31423 -19.9148 7 v
-2.18294 -19.9153 7 v
-1.0516 -19.9159 7 v
0.0798049 -19.9166 7 v
1.21128 -19.9174 7 v
2.34285 -19.9182 7 v
3.47453 -19.9192 7 v
4.60633 -19.9202 7 v
5.73826 -19.9212 7 v
6.87034 -19.9223 7 v
8.00325 -19.9235 7 v

-14.6903 -19.6719 8 u
-16.4726 -19.8606 8 u
-18.3582 -20.0276 8 u
-20.3219 -20.1589 8 u
-22.338 -20.2406 8 u
-24.3811 -20.2587 8 u
-26.4256 -20.1991 8 u
-28.4462 -20.048 8 u
-30.4172 -19.7913 8 u
-32.3133 -19.4151 8 u
-34.1088 -18.9053 8 u
-35.7784 -18.2481 8 u
-37.2966 -17.4295 8 u
-38.6377 -16.4354 8 u
-39.7765 -15.2519 8 u
-40.6873 -13.865 8 u
-41.3446 -12.2608 8 u
-41.7231 -10.4253 8 u
-41.7971 -8.34442 8 u
-41.5412 -6.00429 8 u
-40.93 -3.39091 8 u

-13.9635 -14.6603 8 u
-14.5186 -14.293 8 u
-15.0867 -13.8938 8 u
-15.6656 -13.4663 8 u
-16.2531 -13.0139 8 u
-16.847 -12.54 8 u
-17.4451 -12.048 8 u
-18.0453 -11.5415 8 u
-18.6453 -11.0239 8 u
-19.243 -10.4986 8 u
-19.8362 -9.96903 8 u
-20.4227 -9.43872 8 u
-21.0003 -8.91109 8 u
-21.5668 -8.38958 8 u
-22.1201 -7.87764 8 u
-22.6579 -7.37874 8 u
-23.178 -6.8963 8 u
-23.6784 -6.43379 8 u
-24.1567 -5.99466 8 u
-24.6108 -5.58234 8 u
-25.0385 -5.20031 8 u

-14.6903 -19.6719 8 v
-14.654 -19.3452 8 v
-14.6176 -19.0487 8 v
-14.5813 -18.7787 8 v
-14.5449 -18.5315 8 v
-14.5086 -18.3034 8 v
-14.4723 -18.0906 8 v
-14.4359 -17.8896 8 v
-14.3996 -17.6967 8 v
-14.3632 -17.508 8 v
-14.3269 -17.3199 8 v
-14.2906 -17.1288 8 v
-14.2542 -16.9309 8 v
-14.2179 -16.7226 8 v
-14.1815 -16.5 8 v
-14.1452 -16.2596 8 v
-14.1088 -15.9977 8 v
-14.0725 -15.7105 8 v
-14.0362 -15.3943 8 v
-13.9998 -15.0455 8 v
-13.9635 -14.6603 8 v

-40.93 -3.39091 8 v
-40.1354 -3.38615 8 v
-39.3408 -3.40336 8 v
-38.5462 -3.44055 8 v
-37.7517 -3.49573 8 v
-36.9571 -3.5669 8 v
-36.1625 -3.65207 8 v
-35.368 -3.74927 8 v
-34.5734 -3.85648 8 v
-33.7788 -3.97173 8 v
-32.9842 -4.09302 8 v
-32.1897 -4.21837 8 v
-31.3951 -4.34577 8 v
-30.6005 -4.47324 8 v
-29.806 -4.5988 8 v
-29.0114 -4.72044 8 v
-28.2168 -4.83618 8 v
-27.4223 -4.94403 8 v
-26.6277 -5.04199 8 v
-25.8331 -5.12808 8 v
-25.0385 -5.20031 8 v

-41.0896 -3.87698 9 u
-40.6861 -3.95948 9 u
-40.2826 -4.02904 9 u
-39.879 -4.08657 9 u
-39.4755 -4.13297 9 u
-39.072 -4.16913 9 u
-38.6684 -4.19597 9 u
-38.2649 -4.21438 9 u
-37.8614 -4.22526 9 u
-37.4578 -4.22952 9 u
-37.0543 -4.22806 9 u
-36.6508 -4.22177 9 u
-36.2472 -4.21156 9 u
-35.8437 -4.19834 9 u
-35.4402 -4.18299 9 u
-35.0366 -4.16643 9 u
-34.6331 -4.14955 9 u
-34.2296 -4.13325 9 u
-33.826 -4.11845 9 u
-33.4225 -4.10603 9 u
-33.019 -4.0969 9 u
-32.6154 -4.09185 9 u
-32.2119 -4.09125 9 u
-31.8084 -4.09533 9 u
-31.4049 -4.10436 9 u
-31.0013 -4.11859 9 u
-30.5978 -4.13826 9 u
-30.1943 -4.16362 9 u
-29.7907 -4.19493 9 u
-29.3872 -4.23243 9 u
-28.9837 -4.27638 9 u
-28.5801 -4.32703 9 u
-28.1766 -4.38463 9 u
-27.7731 -4.44943 9 u
-27.3695 -4.52168 9 u
-26.966 -4.60162 9 u
-26.5625 -4.68952 9 u
-26.1589 -4.78562 9 u
-25.7554 -4.89018 9 u
-25.3519 -5.00343 9 u
-24.9483 -5.12564 9 u

-31.2688 10.606 9 u
-30.9794 10.4442 9 u
-30.6901 10.236 9 u
-30.4007 9.98629 9 u
-30.1114 9.69991 9 u
-29.822 9.38172 9 u
-29.5327 9.03661 9 u
-29.2433 8.66944 9 u
-28.9539 8.28507 9 u
-28.6646 7.88836 9 u
-28.3752 7.48419 9 u
-28.0859 7.07741 9 u
-27.7965 6.6729 9 u
-27.5071 6.27553 9 u
-27.2178 5.89015 9 u
-26.9284 5.52163 9 u
-26.6391 5.17484 9 u
-26.3497 4.85465 9 u
-26.0603 4.56592 9 u
-25.771 4.31351 9 u
-25.4816 4.1023 9 u
-25.1923 3.93494 9 u
-24.9029 3.80534 9 u
-24.6136 3.70516 9 u
-24.3242 3.62611 9 u
-24.0348 3.55986 9 u
-23.7455 3.4981 9 u
-23.4561 3.43252 9 u
-23.1668 3.35481 9 u
-22.8774 3.25665 9 u
-22.588 3.12972 9 u
-22.2987 2.96573 9 u
-22.0093 2.75634 9 u
-21.72 2.49326 9 u
-21.4306 2.16816 9 u
-21.1412 1.77273 9 u
-20.8519 1.29866 9 u
-20.5625 0.737641 9 u
-20.2732 0.081351 9 u
-19.9838 -0.678519 9 u
-19.6945 -1.55028 9 u

-12.3616 8.11248 9 u
-12.384 7.94779 9 u
-12.4064 7.76178 9 u
-12.4288 7.55641 9 u
-12.4512 7.33363 9 u
-12.4735 7.09539 9 u
-12.4959 6.84366 9 u
-12.5183 6.58039 9 u
-12.5407 6.30753 9 u
-12.5631 6.02703 9 u
-12.5855 5.74086 9 u
-12.6078 5.45096 9 u
-12.6302 5.15929 9 u
-12.6526 4.8678 9 u
-12.675 4.57846 9 u
-12.6974 4.29321 9 u
-12.7198 4.01401 9 u
-12.7421 3.74281 9 u
-12.7645 3.48157 9 u
-12.7869 3.23225 9 u
-12.8093 2.99679 9 u
-12.8317 2.77649 9 u
-12.8541 2.56992 9 u
-12.8764 2.375 9 u
-12.8988 2.18966 9 u
-12.9212 2.01179 9 u
-12.9436 1.83933 9 u
-12.966 1.67018 9 u
-12.9884 1.50225 9 u
-13.0107 1.33347 9 u
-13.0331 1.16175 9 u
-13.0555 0.985005 9 u
-13.0779 0.801146 9 u
-13.1003 0.608091 9 u
-13.1227 0.403754 9 u
-13.1451 0.186051 9 u
-13.1674 -0.0471028 9 u
-13.1898 -0.297793 9 u
-13.2122 -0.568104 9 u
-13.2346 -0.860121 9 u
-13.257 -1.17593 9 u

-41.0896 -3.87698 9 v
-41.1239 -2.89263 9 v
-41.0879 -1.91472 9 v
-40.9843 -0.946739 9 v
-40.8155 0.00781222 9 v
-40.5839 0.945447 9 v
-40.2921 1.86267 9 v
-39.9425 2.756 9 v
-39.5377 3.62194 9 v
-39.08 4.457 9 v
-38.572 5.25768 9 v
-38.0161 6.0205 9 v
-37.4148 6.74197 9 v
-36.7707 7.41859 9 v
-36.0861 8.04688 9 v
-35.3636 8.62333 9 v
-34.6057 9.14447 9 v
-33.8147 9.6068 9 v
-32.9933 10.0068 9 v
-32.1438 10.3411 9 v
-31.2688 10.606 9 v
-30.3707 10.7997 9 v
-29.4522 10.9262 9 v
-28.5158 10.9912 9 v
-27.564 11.0002 9 v
-26.5996 10.9589 9 v
-25.6249 10.8728 9 v
-24.6428 10.7477 9 v
-23.6556 10.589 9 v
-22.666 10.4024 9 v
-21.6767 10.1935 9 v
-20.6901 9.96796 9 v
-19.7088 9.73131 9 v
-18.7355 9.4892 9 v
-17.7727 9.24723 9 v
-16.823 9.01101 9 v
-15.889 8.78615 9 v
-14.9733 8.57826 9 v
-14.0784 8.39295 9 v
-13.207 8.23582 9 v
-12.3616 8.11248 9 v

-33.019 -4.0969 9 v
-32.9714 -3.64545 9 v
-32.878 -3.18892 9 v
-32.7405 -2.7289 9 v
-32.561 -2.26695 9 v
-32.3412 -1.80466 9 v
-32.083 -1.34358 9 v
-31.7883 -0.885295 9 v
-31.4589 -0.431379 9 v
-31.0968 0.0165956 9 v
-30.7037 0.457056 9 v
-30.2815 0.88843 9 v
-29.8321 1.30914 9 v
-29.3574 1.71762 9 v
-28.8592 2.1123 9 v
-28.3394 2.49159 9 v
-27.7999 2.85393 9 v
-27.2425 3.19774 9 v
-26.6691 3.52146 9 v
-26.0815 3.8235 9 v
-25.4816 4.1023 9 v
-24.8712 4.35635 9 v
-24.2516 4.58448 9 v
-23.6237 4.78558 9 v
-22.9889 4.95854 9 v
-22.3482 5.10226 9 v
-21.7028 5.21563 9 v
-21.0538 5.29755 9 v
-20.4024 5.3469 9 v
-19.7497 5.36259 9 v
-19.0968 5.3435 9 v
-18.4449 5.28854 9 v
-17.795 5.19659 9 v
-17.1485 5.06655 9 v
-16.5063 4.89731 9 v
-15.8697 4.68776 9 v
-15.2397 4.43681 9 v
-14.6175 4.14335 9 v
-14.0043 3.80626 9 v
-13.4012 3.42444 9 v
-12.8093 2.99679 9 v

-24.9483 -5.12564 9 v
-24.8189 -4.70461 9 v
-24.668 -4.31941 9 v
-24.4968 -3.96833 9 v
-24.3065 -3.64964 9 v
-24.0985 -3.36162 9 v
-23.874 -3.10255 9 v
-23.6341 -2.87071 9 v
-23.3802 -2.66436 9 v
-23.1136 -2.48179 9 v
-22.8354 -2.32128 9 v
-22.5469 -2.18111 9 v
-22.2494 -2.05954 9 v
-21.9441 -1.95486 9 v
-21.6323 -1.86535 9 v
-21.3152 -1.78928 9 v
-20.9941 -1.72493 9 v
-20.6703 -1.67058 9 v
-20.3448 -1.6245 9 v
-20.0192 -1.58498 9 v
-19.6945 -1.55028 9 v
-19.3717 -1.51894 9 v
-19.0509 -1.49045 9 v
-18.7317 -1.46455 9 v
-18.4138 -1.441 9 v
-18.0969 -1.41955 9 v
-17.7807 -1.39993 9 v
-17.4649 -1.38189 9 v
-17.1492 -1.36518 9 v
-16.8333 -1.34955 9 v
-16.5169 -1.33473 9 v
-16.1996 -1.32049 9 v
-15.8813 -1.30656 9 v
-15.5614 -1.29269 9 v
-15.2399 -1.27862 9 v
-14.9163 -1.26411 9 v
-14.5903 -1.24889 9 v
-14.2617 -1.23272 9 v
-13.9302 -1.21534 9 v
-13.5954 -1.19649 9 v
-13.257 -1.17593 9 v

-0.649243 -9.14385 4 v
0.765456 -8.95958 4 v
2.18016 -8.77531 4 v
3.59485 -8.59105 4 v
5.00955 -8.40678 4 v
6.42425 -8.22251 4 v
7.83895 -8.03824 4 v
9.25365 -7.85398 4 v
10.6683 -7.66971 4 v
12.083 -7.48544 4 v
13.4977 -7.30117 4 v
14.9124 -7.11691 4 v
16.3271 -6.93264 4 v
17.7418 -6.74837 4 v
19.1565 -6.56411 4 v
20.5712 -6.37984 4 v
21.9859 -6.19557 4 v
23.4006 -6.0113 4 v
24.8153 -5.82704 4 v
26.23 -5.64277 4 v
27.6447 -5.4585 4 v

-0.649243 -9.14385 5 v
0.765456 -8.95958 5 v
2.18016 -8.77531 5 v
3.59485 -8.59105 5 v
5.00955 -8.40678 5 v
6.42425 -8.22251 5 v
7.83895 -8.03824 5 v
9.25365 -7.85398 5 v
10.6683 -7.66971 5 v
12.083 -7.48544 5 v
13.4977 -7.30117 5 v
14.9124 -7.11691 5 v
16.3271 -6.93264 5 v
17.7418 -6.74837 5 v
19.1565 -6.56411 5 v
20.5712 -6.37984 5 v
21.9859 -6.19557 5 v
23.4006 -6.0113 5 v
24.8153 -5.82704 5 v
26.23 -5.64277 5 v
27.6447 -5.4585 5 v

44.5379 7.27525 0 v
44.8738 7.41178 0 v
45.2097 7.54832 0 v
45.5456 7.68486 0 v
45.8815 7.82139 0 v
46.2174 7.95793 0 v
46.5533 8.09446 0 v
46.8891 8.231 0 v
47.225 8.36753 0 v
47.5609 8.50407 0 v
47.8968 8.6406 0 v
48.2327 8.77714 0 v
48.5686 8.91368 0 v
48.9045 9.05021 0 v
49.2404 9.18675 0 v
49.5762 9.32328 0 v
49.9121 9.45982 0 v
50.248 9.59635 0 v
50.5839 9.73289 0 v
50.9198 9.86943 0 v
51.2557 10.006 0 v

44.5387 7.27637 1 v
44.8746 7.41275 1 v
45.2106 7.54913 1 v
45.5465 7.68551 1 v
45.8824 7.82189 1 v
46.2183 7.95827 1 v
46.5542 8.09465 1 v
46.8902 8.23103 1 v
47.2261 8.36741 1 v
47.562 8.50379 1 v
47.8979 8.64017 1 v
48.2338 8.77655 1 v
48.5698 8.91293 1 v
48.9057 9.04932 1 v
49.2416 9.1857 1 v
49.5775 9.32208 1 v
49.9134 9.45846 1 v
50.2494 9.59484 1 v
50.5853 9.73122 1 v
50.9212 9.8676 1 v
51.2571 10.004 1 v

43.545 -5.23887 0 v
43.9549 -5.26541 0 v
44.3647 -5.29195 0 v
44.7746 -5.31849 0 v
45.1844 -5.34503 0 v
45.5943 -5.37157 0 v
46.0041 -5.39811 0 v
46.4139 -5.42465 0 v
46.8238 -5.45119 0 v
47.2336 -5.47773 0 v
47.6435 -5.50426 0 v
48.0533 -5.5308 0 v
48.4632 -5.55734 0 v
48.873 -5.58388 0 v
49.2829 -5.61042 0 v
49.6927 -5.63696 0 v
50.1026 -5.6635 0 v
50.5124 -5.69004 0 v
50.9223 -5.71658 0 v
51.3321 -5.74312 0 v
51.7419 -5.76966 0 v

43.5451 -5.23866 3 u
43.9548 -5.26508 3 u
44.3644 -5.29149 3 u
44.7741 -5.31791 3 u
45.1837 -5.34433 3 u
45.5934 -5.37075 3 u
46.003 -5.39717 3 u
46.4127 -5.42358 3 u
46.8223 -5.45 3 u
47.232 -5.47642 3 u
47.6416 -5.50284 3 u
48.0513 -5.52926 3 u
48.4609 -5.55567 3 u
48.8706 -5.58209 3 u
49.2802 -5.60851 3 u
49.6899 -5.63493 3 u
50.0995 -5.66135 3 u
50.5092 -5.68776 3 u
50.9188 -5.71418 3 u
51.3285 -5.7406 3 u
51.7381 -5.76702 3 u

32.7713 5.24989 1 v
32.3311 5.63431 1 v
31.8908 6.01872 1 v
31.4506 6.40314 1 v
31.0104 6.78755 1 v
30.5702 7.17197 1 v
30.13 7.55638 1 v
29.6898 7.9408 1 v
29.2496 8.32521 1 v
28.8094 8.70963 1 v
28.3692 9.09404 1 v
27.929 9.47846 1 v
27.4888 9.86287 1 v
27.0486 10.2473 1 v
26.6083 10.6317 1 v
26.1681 11.0161 1 v
25.7279 11.4005 1 v
25.2877 11.7849 1 v
24.8475 12.1694 1 v
24.4073 12.5538 1 v
23.9671 12.9382 1 v

23.9667 12.9378 2 u
24.4069 12.5534 2 u
24.8472 12.169 2 u
25.2874 11.7846 2 u
25.7276 11.4002 2 u
26.1678 11.0158 2 u
26.6081 10.6314 2 u
27.0483 10.247 2 u
27.4885 9.86265 2 u
27.9287 9.47825 2 u
28.369 9.09385 2 u
28.8092 8.70945 2 u
29.2494 8.32506 2 u
29.6896 7.94066 2 u
30.1299 7.55626 2 u
30.5701 7.17187 2 u
31.0103 6.78747 2 u
31.4505 6.40307 2 u
31.8908 6.01868 2 u
32.331 5.63428 2 u
32.7712 5.24988 2 u

12.4697 8.71932 2 u
13.2285 8.01041 2 u
13.9873 7.30151 2 u
14.746 6.59261 2 u
15.5048 5.8837 2 u
16.2635 5.1748 2 u
17.0223 4.46589 2 u
17.7811 3.75699 2 u
18.5398 3.04809 2 u
19.2986 2.33918 2 u
20.0573 1.63028 2 u
20.8161 0.921376 2 u
21.5749 0.212473 2 u
22.3336 -0.496431 2 u
23.0924 -1.20533 2 u
23.8512 -1.91424 2 u
24.6099 -2.62314 2 u
25.3687 -3.33205 2 u
26.1274 -4.04095 2 u
26.8862 -4.74985 2 u
27.645 -5.45876 2 u

12.4698 8.71934 5 u
13.2285 8.01044 5 u
13.9873 7.30155 5 u
14.746 6.59266 5 u
15.5048 5.88377 5 u
16.2635 5.17488 5 u
17.0223 4.46599 5 u
17.781 3.75709 5 u
18.5398 3.0482 5 u
19.2985 2.33931 5 u
20.0573 1.63042 5 u
20.816 0.921526 5 u
21.5748 0.212634 5 u
22.3335 -0.496258 5 u
23.0923 -1.20515 5 u
23.851 -1.91404 5 u
24.6097 -2.62293 5 u
25.3685 -3.33183 5 u
26.1272 -4.04072 5 u
26.886 -4.74961 5 u
27.6447 -5.4585 5 u

27.6447 -5.45891 3 u
27.3952 -6.18308 3 u
27.1456 -6.90724 3 u
26.8961 -7.63141 3 u
26.6466 -8.35558 3 u
26.3971 -9.07974 3 u
26.1475 -9.80391 3 u
25.898 -10.5281 3 u
25.6485 -11.2522 3 u
25.399 -11.9764 3 u
25.1495 -12.7006 3 u
24.8999 -13.4247 3 u
24.6504 -14.1489 3 u
24.4009 -14.8731 3 u
24.1514 -15.5972 3 u
23.9018 -16.3214 3 u
23.6523 -17.0456 3 u
23.4028 -17.7697 3 u
23.1533 -18.4939 3 u
22.9038 -19.2181 3 u
22.6542 -19.9422 3 u

22.6531 -19.942 4 u
22.9027 -19.2178 4 u
23.1523 -18.4937 4 u
23.4018 -17.7695 4 u
23.6514 -17.0453 4 u
23.901 -16.3211 4 u
24.1506 -15.597 4 u
24.4002 -14.8728 4 u
24.6497 -14.1486 4 u
24.8993 -13.4244 4 u
25.1489 -12.7003 4 u
25.3985 -11.9761 4 u
25.6481 -11.2519 4 u
25.8977 -10.5277 4 u
26.1472 -9.80356 4 u
26.3968 -9.07938 4 u
26.6464 -8.35521 4 u
26.896 -7.63103 4 u
27.1456 -6.90685 4 u
27.3952 -6.18268 4 u
27.6447 -5.4585 4 u

8.00312 -19.9235 4 u
7.5705 -19.3845 4 u
7.13788 -18.8455 4 u
6.70526 -18.3065 4 u
6.27264 -17.7676 4 u
5.84003 -17.2286 4 u
5.40741 -16.6896 4 u
4.97479 -16.1506 4 u
4.54217 -15.6116 4 u
4.10955 -15.0726 4 u
3.67694 -14.5337 4 u
3.24432 -13.9947 4 u
2.8117 -13.4557 4 u
2.37908 -12.9167 4 u
1.94647 -12.3777 4 u
1.51385 -11.8388 4 u
1.08123 -11.2998 4 u
0.648611 -10.7608 4 u
0.215993 -10.2218 4 u
-0.216625 -9.68283 4 u
-0.649243 -9.14385 4 u

-0.649527 -9.14321 7 u
-0.216888 -9.68222 7 u
0.215751 -10.2212 7 u
0.64839 -10.7602 7 u
1.08103 -11.2993 7 u
1.51367 -11.8383 7 u
1.94631 -12.3773 7 u
2.37895 -12.9163 7 u
2.81158 -13.4553 7 u
3.24422 -13.9943 7 u
3.67686 -14.5333 7 u
4.1095 -15.0724 7 u
4.54214 -15.6114 7 u
4.97478 -16.1504 7 u
5.40742 -16.6894 7 u
5.84006 -17.2284 7 u
6.2727 -17.7674 7 u
6.70534 -18.3064 7 u
7.13797 -18.8455 7 u
7.57061 -19.3845 7 u
8.00325 -19.9235 7 u

0.0189515 6.67842 5 u
-0.0144582 5.88731 5 u
-0.0478679 5.0962 5 u
-0.0812776 4.30508 5 u
-0.114687 3.51397 5 u
-0.148097 2.72286 5 u
-0.181507 1.93174 5 u
-0.214916 1.14063 5 u
-0.248326 0.349515 5 u
-0.281736 -0.441599 5 u
-0.315146 -1.23271 5 u
-0.348555 -2.02383 5 u
-0.381965 -2.81494 5 u
-0.415375 -3.60605 5 u
-0.448784 -4.39717 5 u
-0.482194 -5.18828 5 u
-0.515604 -5.97939 5 u
-0.549013 -6.77051 5 u
-0.582423 -7.56162 5 u
-0.615833 -8.35273 5 u
-0.649243 -9.14385 5 u

-0.649035 -9.14323 6 u
-0.615636 -8.35215 6 u
-0.582236 -7.56107 6 u
-0.548837 -6.76999 6 u
-0.515438 -5.9789 6 u
-0.482039 -5.18782 6 u
-0.44864 -4.39674 6 u
-0.41524 -3.60566 6 u
-0.381841 -2.81457 6 u
-0.348442 -2.02349 6 u
-0.315043 -1.23241 6 u
-0.281643 -0.441325 6 u
-0.248244 0.349758 6 u
-0.214845 1.14084 6 u
-0.181446 1.93192 6 u
-0.148047 2.72301 6 u
-0.114647 3.51409 6 u
-0.0812483 4.30517 6 u
-0.047849 5.09625 6 u
-0.0144498 5.88734 6 u
0.0189494 6.67842 6 u

