# Patch visualization metadata
# Format: patch mirrored jac_det center_x center_y u_dir_x u_dir_y v_dir_x v_dir_y
0 0 103.052 48.975 1.52097 -0.0306795 -0.999529 0.982479 0.186371
1 0 263.325 39.1981 13.5451 0.989759 0.142747 0.0860773 0.996288
2 0 194.667 23.0605 5.61169 0.704123 -0.710078 0.763473 0.64584
3 1 -353.319 38.498 -14.6312 0.518506 -0.855074 -0.976893 -0.213729
4 1 -302.76 14.4616 -13.5969 -0.123475 0.992348 0.996242 0.0866108
5 0 372.778 10.1057 -0.0401534 0.469903 -0.882718 0.989122 0.147099
6 1 -148.488 -5.82371 2.21736 -0.0992643 0.995061 0.992741 0.120269
7 0 90.5538 -4.2812 -17.7917 0.425322 -0.905042 0.992875 0.119162
8 1 -328.55 -27.3535 -14.7912 -0.962831 0.270103 0.810128 0.586253
9 0 409.331 -25.873 4.04273 0.787667 -0.616102 0.83243 0.554131
