# Visualization Mesh
# Format: x y patch_id direction
# Blank line separates different grid lines
# Total lines: 62

44.5379 7.27525 0 u
44.8578 6.69542 0 u
45.1207 6.08827 0 u
45.3411 5.46768 0 u
45.52 4.83562 0 u
45.6583 4.19405 0 u
45.7572 3.54494 0 u
45.8175 2.89026 0 u
45.8403 2.23197 0 u
45.8266 1.57205 0 u
45.7775 0.912449 0 u
45.6938 0.255145 0 u
45.5766 -0.397898 0 u
45.4269 -1.04471 0 u
45.2457 -1.68334 0 u
45.034 -2.3118 0 u
44.7928 -2.92813 0 u
44.5232 -3.53037 0 u
44.226 -4.11654 0 u
43.9023 -4.68469 0 u
43.545 -5.23887 0 u

51.2557 10.006 0 u
51.4234 9.23063 0 u
51.5693 8.45098 0 u
51.6992 7.66874 0 u
51.8135 6.88417 0 u
51.9123 6.09755 0 u
51.996 5.30914 0 u
52.065 4.51919 0 u
52.1194 3.72798 0 u
52.1595 2.93577 0 u
52.1858 2.14282 0 u
52.1984 1.3494 0 u
52.1977 0.555772 0 u
52.1839 -0.237796 0 u
52.1574 -1.03104 0 u
52.1184 -1.8237 0 u
52.0672 -2.61551 0 u
52.0042 -3.4062 0 u
51.9296 -4.19551 0 u
51.8437 -4.98317 0 u
51.7419 -5.76966 0 u

44.5379 7.27525 0 v
44.8738 7.41178 0 v
45.2097 7.54832 0 v
45.5456 7.68486 0 v
45.8815 7.82139 0 v
46.2174 7.95793 0 v
46.5533 8.09446 0 v
46.8891 8.231 0 v
47.225 8.36753 0 v
47.5609 8.50407 0 v
47.8968 8.6406 0 v
48.2327 8.77714 0 v
48.5686 8.91368 0 v
48.9045 9.05021 0 v
49.2404 9.18675 0 v
49.5762 9.32328 0 v
49.9121 9.45982 0 v
50.248 9.59635 0 v
50.5839 9.73289 0 v
50.9198 9.86943 0 v
51.2557 10.006 0 v

43.545 -5.23887 0 v
43.9549 -5.26541 0 v
44.3647 -5.29195 0 v
44.7746 -5.31849 0 v
45.1844 -5.34503 0 v
45.5943 -5.37157 0 v
46.0041 -5.39811 0 v
46.4139 -5.42465 0 v
46.8238 -5.45119 0 v
47.2336 -5.47773 0 v
47.6435 -5.50426 0 v
48.0533 -5.5308 0 v
48.4632 -5.55734 0 v
48.873 -5.58388 0 v
49.2829 -5.61042 0 v
49.6927 -5.63696 0 v
50.1026 -5.6635 0 v
50.5124 -5.69004 0 v
50.9223 -5.71658 0 v
51.3321 -5.74312 0 v
51.7419 -5.76966 0 v

32.7713 5.24989 1 u
33.3307 5.59218 1 u
33.8568 5.91363 1 u
34.407 6.25847 1 u
34.9784 6.61801 1 u
35.5679 6.98356 1 u
36.1729 7.34645 1 u
36.7902 7.69799 1 u
37.4171 8.0295 1 u
38.0507 8.33229 1 u
38.688 8.59768 1 u
39.3261 8.817 1 u
39.9622 8.98155 1 u
40.5933 9.08265 1 u
41.2165 9.11163 1 u
41.829 9.05979 1 u
42.4278 8.91846 1 u
43.01 8.67895 1 u
43.5728 8.33258 1 u
44.1132 7.87066 1 u
44.5387 7.27637 1 u

23.9671 12.9382 1 u
25.4417 13.5289 1 u
26.8131 14.1919 1 u
28.2791 14.8712 1 u
29.8232 15.547 1 u
31.4283 16.1994 1 u
33.0778 16.8088 1 u
34.7548 17.3552 1 u
36.4425 17.819 1 u
38.1241 18.1804 1 u
39.7828 18.4195 1 u
41.4019 18.5167 1 u
42.9644 18.4521 1 u
44.4536 18.206 1 u
45.8527 17.7585 1 u
47.1449 17.09 1 u
48.3134 16.1806 1 u
49.3413 15.0105 1 u
50.2119 13.56 1 u
50.9084 11.8093 1 u
51.2571 10.004 1 u

32.7713 5.24989 1 v
32.3311 5.63431 1 v
31.8908 6.01872 1 v
31.4506 6.40314 1 v
31.0104 6.78755 1 v
30.5702 7.17197 1 v
30.13 7.55638 1 v
29.6898 7.9408 1 v
29.2496 8.32521 1 v
28.8094 8.70963 1 v
28.3692 9.09404 1 v
27.929 9.47846 1 v
27.4888 9.86287 1 v
27.0486 10.2473 1 v
26.6083 10.6317 1 v
26.1681 11.0161 1 v
25.7279 11.4005 1 v
25.2877 11.7849 1 v
24.8475 12.1694 1 v
24.4073 12.5538 1 v
23.9671 12.9382 1 v

44.5387 7.27637 1 v
44.8746 7.41275 1 v
45.2106 7.54913 1 v
45.5465 7.68551 1 v
45.8824 7.82189 1 v
46.2183 7.95827 1 v
46.5542 8.09465 1 v
46.8902 8.23103 1 v
47.2261 8.36741 1 v
47.562 8.50379 1 v
47.8979 8.64017 1 v
48.2338 8.77655 1 v
48.5698 8.91293 1 v
48.9057 9.04932 1 v
49.2416 9.1857 1 v
49.5775 9.32208 1 v
49.9134 9.45846 1 v
50.2494 9.59484 1 v
50.5853 9.73122 1 v
50.9212 9.8676 1 v
51.2571 10.004 1 v

12.4697 8.71932 2 u
13.2285 8.01041 2 u
13.9873 7.30151 2 u
14.746 6.59261 2 u
15.5048 5.8837 2 u
16.2635 5.1748 2 u
17.0223 4.46589 2 u
17.7811 3.75699 2 u
18.5398 3.04809 2 u
19.2986 2.33918 2 u
20.0573 1.63028 2 u
20.8161 0.921376 2 u
21.5749 0.212473 2 u
22.3336 -0.496431 2 u
23.0924 -1.20533 2 u
23.8512 -1.91424 2 u
24.6099 -2.62314 2 u
25.3687 -3.33205 2 u
26.1274 -4.04095 2 u
26.8862 -4.74985 2 u
27.645 -5.45876 2 u

23.9667 12.9378 2 u
24.4069 12.5534 2 u
24.8472 12.169 2 u
25.2874 11.7846 2 u
25.7276 11.4002 2 u
26.1678 11.0158 2 u
26.6081 10.6314 2 u
27.0483 10.247 2 u
27.4885 9.86265 2 u
27.9287 9.47825 2 u
28.369 9.09385 2 u
28.8092 8.70945 2 u
29.2494 8.32506 2 u
29.6896 7.94066 2 u
30.1299 7.55626 2 u
30.5701 7.17187 2 u
31.0103 6.78747 2 u
31.4505 6.40307 2 u
31.8908 6.01868 2 u
32.331 5.63428 2 u
32.7712 5.24988 2 u

12.4697 8.71932 2 v
13.0574 8.89299 2 v
13.6435 9.07184 2 v
14.228 9.25568 2 v
14.8109 9.44428 2 v
15.3923 9.63743 2 v
15.9722 9.83493 2 v
16.5507 10.0366 2 v
17.1278 10.2421 2 v
17.7036 10.4514 2 v
18.2781 10.6642 2 v
18.8514 10.8802 2 v
19.4236 11.0994 2 v
19.9947 11.3214 2 v
20.5648 11.546 2 v
21.1339 11.7731 2 v
21.702 12.0025 2 v
22.2693 12.2338 2 v
22.8358 12.467 2 v
23.4016 12.7018 2 v
23.9667 12.9378 2 v

27.645 -5.45876 2 v
27.301 -4.84935 2 v
27.0204 -4.18409 2 v
26.8382 -3.5254 2 v
26.7483 -2.87481 2 v
26.7444 -2.23381 2 v
26.8202 -1.60393 2 v
26.9696 -0.986672 2 v
27.1862 -0.38356 2 v
27.464 0.203898 2 v
27.7965 0.774187 2 v
28.1777 1.32579 2 v
28.6013 1.85721 2 v
29.061 2.36691 2 v
29.5506 2.85339 2 v
30.0639 3.31513 2 v
30.5947 3.75063 2 v
31.1367 4.15836 2 v
31.6837 4.53682 2 v
32.2294 4.88448 2 v
32.7712 5.24988 2 v

43.5451 -5.23866 3 u
43.9548 -5.26508 3 u
44.3644 -5.29149 3 u
44.7741 -5.31791 3 u
45.1837 -5.34433 3 u
45.5934 -5.37075 3 u
46.003 -5.39717 3 u
46.4127 -5.42358 3 u
46.8223 -5.45 3 u
47.232 -5.47642 3 u
47.6416 -5.50284 3 u
48.0513 -5.52926 3 u
48.4609 -5.55567 3 u
48.8706 -5.58209 3 u
49.2802 -5.60851 3 u
49.6899 -5.63493 3 u
50.0995 -5.66135 3 u
50.5092 -5.68776 3 u
50.9188 -5.71418 3 u
51.3285 -5.7406 3 u
51.7381 -5.76702 3 u

27.6447 -5.45891 3 u
27.3952 -6.18308 3 u
27.1456 -6.90724 3 u
26.8961 -7.63141 3 u
26.6466 -8.35558 3 u
26.3971 -9.07974 3 u
26.1475 -9.80391 3 u
25.898 -10.5281 3 u
25.6485 -11.2522 3 u
25.399 -11.9764 3 u
25.1495 -12.7006 3 u
24.8999 -13.4247 3 u
24.6504 -14.1489 3 u
24.4009 -14.8731 3 u
24.1514 -15.5972 3 u
23.9018 -16.3214 3 u
23.6523 -17.0456 3 u
23.4028 -17.7697 3 u
23.1533 -18.4939 3 u
22.9038 -19.2181 3 u
22.6542 -19.9422 3 u

43.5451 -5.23866 3 v
42.9847 -6.03446 3 v
42.3753 -6.86048 3 v
41.6888 -7.60035 3 v
40.9349 -8.25234 3 v
40.1235 -8.81472 3 v
39.2642 -9.28578 3 v
38.3666 -9.66377 3 v
37.4406 -9.94699 3 v
36.4959 -10.1337 3 v
35.5421 -10.2221 3 v
34.5889 -10.2106 3 v
33.6462 -10.0975 3 v
32.7235 -9.88085 3 v
31.8306 -9.5591 3 v
30.9772 -9.13047 3 v
30.1731 -8.59325 3 v
29.4279 -7.94571 3 v
28.7513 -7.18612 3 v
28.1531 -6.31275 3 v
27.6447 -5.45891 3 v

51.7381 -5.76702 3 v
51.5862 -7.77079 3 v
51.2443 -9.88525 3 v
50.6608 -11.7512 3 v
49.8554 -13.3834 3 v
48.8476 -14.7967 3 v
47.657 -16.0059 3 v
46.3033 -17.0258 3 v
44.8059 -17.8712 3 v
43.1846 -18.557 3 v
41.4588 -19.0979 3 v
39.6482 -19.5087 3 v
37.7724 -19.8044 3 v
35.851 -19.9996 3 v
33.9035 -20.1092 3 v
31.9495 -20.1481 3 v
30.0087 -20.1309 3 v
28.1006 -20.0726 3 v
26.2448 -19.9879 3 v
24.4609 -19.8917 3 v
22.6542 -19.9422 3 v

8.00312 -19.9235 4 u
7.5705 -19.3845 4 u
7.13788 -18.8455 4 u
6.70526 -18.3065 4 u
6.27264 -17.7676 4 u
5.84003 -17.2286 4 u
5.40741 -16.6896 4 u
4.97479 -16.1506 4 u
4.54217 -15.6116 4 u
4.10955 -15.0726 4 u
3.67694 -14.5337 4 u
3.24432 -13.9947 4 u
2.8117 -13.4557 4 u
2.37908 -12.9167 4 u
1.94647 -12.3777 4 u
1.51385 -11.8388 4 u
1.08123 -11.2998 4 u
0.648611 -10.7608 4 u
0.215993 -10.2218 4 u
-0.216625 -9.68283 4 u
-0.649243 -9.14385 4 u

22.6531 -19.942 4 u
22.9027 -19.2178 4 u
23.1523 -18.4937 4 u
23.4018 -17.7695 4 u
23.6514 -17.0453 4 u
23.901 -16.3211 4 u
24.1506 -15.597 4 u
24.4002 -14.8728 4 u
24.6497 -14.1486 4 u
24.8993 -13.4244 4 u
25.1489 -12.7003 4 u
25.3985 -11.9761 4 u
25.6481 -11.2519 4 u
25.8977 -10.5277 4 u
26.1472 -9.80356 4 u
26.3968 -9.07938 4 u
26.6464 -8.35521 4 u
26.896 -7.63103 4 u
27.1456 -6.90685 4 u
27.3952 -6.18268 4 u
27.6447 -5.4585 4 u

8.00312 -19.9235 4 v
8.73561 -19.9243 4 v
9.46811 -19.9251 4 v
10.2006 -19.9259 4 v
10.9331 -19.9268 4 v
11.6656 -19.9276 4 v
12.3981 -19.9285 4 v
13.1306 -19.9294 4 v
13.8631 -19.9303 4 v
14.5956 -19.9312 4 v
15.3281 -19.9322 4 v
16.0606 -19.9331 4 v
16.7931 -19.9341 4 v
17.5256 -19.9351 4 v
18.2581 -19.936 4 v
18.9906 -19.937 4 v
19.7231 -19.938 4 v
20.4556 -19.939 4 v
21.1881 -19.94 4 v
21.9206 -19.941 4 v
22.6531 -19.942 4 v

-0.649243 -9.14385 4 v
0.765456 -8.95958 4 v
2.18016 -8.77531 4 v
3.59485 -8.59105 4 v
5.00955 -8.40678 4 v
6.42425 -8.22251 4 v
7.83895 -8.03824 4 v
9.25365 -7.85398 4 v
10.6683 -7.66971 4 v
12.083 -7.48544 4 v
13.4977 -7.30117 4 v
14.9124 -7.11691 4 v
16.3271 -6.93264 4 v
17.7418 -6.74837 4 v
19.1565 -6.56411 4 v
20.5712 -6.37984 4 v
21.9859 -6.19557 4 v
23.4006 -6.0113 4 v
24.8153 -5.82704 4 v
26.23 -5.64277 4 v
27.6447 -5.4585 4 v

0.0189515 6.67842 5 u
-0.0144582 5.88731 5 u
-0.0478679 5.0962 5 u
-0.0812776 4.30508 5 u
-0.114687 3.51397 5 u
-0.148097 2.72286 5 u
-0.181507 1.93174 5 u
-0.214916 1.14063 5 u
-0.248326 0.349515 5 u
-0.281736 -0.441599 5 u
-0.315146 -1.23271 5 u
-0.348555 -2.02383 5 u
-0.381965 -2.81494 5 u
-0.415375 -3.60605 5 u
-0.448784 -4.39717 5 u
-0.482194 -5.18828 5 u
-0.515604 -5.97939 5 u
-0.549013 -6.77051 5 u
-0.582423 -7.56162 5 u
-0.615833 -8.35273 5 u
-0.649243 -9.14385 5 u

12.4698 8.71934 5 u
13.2285 8.01044 5 u
13.9873 7.30155 5 u
14.746 6.59266 5 u
15.5048 5.88377 5 u
16.2635 5.17488 5 u
17.0223 4.46599 5 u
17.781 3.75709 5 u
18.5398 3.0482 5 u
19.2985 2.33931 5 u
20.0573 1.63042 5 u
20.816 0.921526 5 u
21.5748 0.212634 5 u
22.3335 -0.496258 5 u
23.0923 -1.20515 5 u
23.851 -1.91404 5 u
24.6097 -2.62293 5 u
25.3685 -3.33183 5 u
26.1272 -4.04072 5 u
26.886 -4.74961 5 u
27.6447 -5.4585 5 u

0.0189515 6.67842 5 v
0.651474 6.69441 5 v
1.28393 6.72091 5 v
1.91564 6.75776 5 v
2.54653 6.80469 5 v
3.17653 6.86145 5 v
3.80557 6.92779 5 v
4.43356 7.00345 5 v
5.06045 7.08818 5 v
5.68614 7.18172 5 v
6.31058 7.28381 5 v
6.93368 7.39421 5 v
7.55537 7.51266 5 v
8.17558 7.6389 5 v
8.79423 7.77268 5 v
9.41125 7.91374 5 v
10.0266 8.06183 5 v
10.6401 8.21669 5 v
11.2518 8.37807 5 v
11.8616 8.54572 5 v
12.4698 8.71934 5 v

-0.649243 -9.14385 5 v
0.765456 -8.95958 5 v
2.18016 -8.77531 5 v
3.59485 -8.59105 5 v
5.00955 -8.40678 5 v
6.42425 -8.22251 5 v
7.83895 -8.03824 5 v
9.25365 -7.85398 5 v
10.6683 -7.66971 5 v
12.083 -7.48544 5 v
13.4977 -7.30117 5 v
14.9124 -7.11691 5 v
16.3271 -6.93264 5 v
17.7418 -6.74837 5 v
19.1565 -6.56411 5 v
20.5712 -6.37984 5 v
21.9859 -6.19557 5 v
23.4006 -6.0113 5 v
24.8153 -5.82704 5 v
26.23 -5.64277 5 v
27.6447 -5.4585 5 v

-13.2226 -1.24258 6 u
-13.1753 -0.710764 6 u
-13.128 -0.190672 6 u
-13.0807 0.318489 6 u
-13.0334 0.817508 6 u
-12.986 1.30718 6 u
-12.9387 1.78829 6 u
-12.8914 2.26164 6 u
-12.8441 2.72801 6 u
-12.7968 3.1882 6 u
-12.7495 3.64299 6 u
-12.7021 4.09319 6 u
-12.6548 4.53958 6 u
-12.6075 4.98295 6 u
-12.5602 5.4241 6 u
-12.5129 5.86381 6 u
-12.4655 6.30288 6 u
-12.4182 6.7421 6 u
-12.3709 7.18227 6 u
-12.3236 7.62416 6 u
-12.2763 8.06858 6 u

-0.649035 -9.14323 6 u
-0.615636 -8.35215 6 u
-0.582236 -7.56107 6 u
-0.548837 -6.76999 6 u
-0.515438 -5.9789 6 u
-0.482039 -5.18782 6 u
-0.44864 -4.39674 6 u
-0.41524 -3.60566 6 u
-0.381841 -2.81457 6 u
-0.348442 -2.02349 6 u
-0.315043 -1.23241 6 u
-0.281643 -0.441325 6 u
-0.248244 0.349758 6 u
-0.214845 1.14084 6 u
-0.181446 1.93192 6 u
-0.148047 2.72301 6 u
-0.114647 3.51409 6 u
-0.0812483 4.30517 6 u
-0.047849 5.09625 6 u
-0.0144498 5.88734 6 u
0.0189494 6.67842 6 u

-13.2226 -1.24258 6 v
-12.4768 -1.29124 6 v
-11.7075 -1.36919 6 v
-10.9205 -1.47761 6 v
-10.1218 -1.61769 6 v
-9.31743 -1.79062 6 v
-8.51322 -1.99758 6 v
-7.71516 -2.23976 6 v
-6.92917 -2.51834 6 v
-6.16121 -2.83451 6 v
-5.41721 -3.18946 6 v
-4.70311 -3.58437 6 v
-4.02486 -4.02043 6 v
-3.38839 -4.49883 6 v
-2.79964 -5.02074 6 v
-2.26457 -5.58737 6 v
-1.78909 -6.19988 6 v
-1.37917 -6.85947 6 v
-1.04073 -7.56733 6 v
-0.779714 -8.32463 6 v
-0.649035 -9.14323 6 v

-12.2763 8.06858 6 v
-11.669 7.96627 6 v
-11.0607 7.85894 6 v
-10.4516 7.74804 6 v
-9.84156 7.635 6 v
-9.23065 7.52129 6 v
-8.6189 7.40834 6 v
-8.00633 7.29759 6 v
-7.39297 7.19049 6 v
-6.77885 7.0885 6 v
-6.16398 6.99305 6 v
-5.54841 6.90558 6 v
-4.93215 6.82755 6 v
-4.31522 6.7604 6 v
-3.69766 6.70557 6 v
-3.07949 6.66452 6 v
-2.46074 6.63868 6 v
-1.84142 6.62949 6 v
-1.22157 6.63842 6 v
-0.601219 6.6669 6 v
0.0189494 6.67842 6 v

-13.8268 -14.6025 7 u
-13.8668 -14.8682 7 u
-13.9069 -15.1339 7 u
-13.9469 -15.3996 7 u
-13.987 -15.6653 7 u
-14.027 -15.9311 7 u
-14.0671 -16.1968 7 u
-14.1072 -16.4625 7 u
-14.1472 -16.7282 7 u
-14.1873 -16.9939 7 u
-14.2273 -17.2596 7 u
-14.2674 -17.5253 7 u
-14.3074 -17.791 7 u
-14.3475 -18.0568 7 u
-14.3875 -18.3225 7 u
-14.4276 -18.5882 7 u
-14.4676 -18.8539 7 u
-14.5077 -19.1196 7 u
-14.5477 -19.3853 7 u
-14.5878 -19.651 7 u
-14.6278 -19.9168 7 u

-0.649527 -9.14321 7 u
-0.216888 -9.68222 7 u
0.215751 -10.2212 7 u
0.64839 -10.7602 7 u
1.08103 -11.2993 7 u
1.51367 -11.8383 7 u
1.94631 -12.3773 7 u
2.37895 -12.9163 7 u
2.81158 -13.4553 7 u
3.24422 -13.9943 7 u
3.67686 -14.5333 7 u
4.1095 -15.0724 7 u
4.54214 -15.6114 7 u
4.97478 -16.1504 7 u
5.40742 -16.6894 7 u
5.84006 -17.2284 7 u
6.2727 -17.7674 7 u
6.70534 -18.3064 7 u
7.13797 -18.8455 7 u
7.57061 -19.3845 7 u
8.00325 -19.9235 7 u

-13.8268 -14.6025 7 v
-13.1018 -15.0041 7 v
-12.3188 -15.342 7 v
-11.4887 -15.615 7 v
-10.6221 -15.8216 7 v
-9.73002 -15.9606 7 v
-8.82312 -16.0307 7 v
-7.91225 -16.0305 7 v
-7.00821 -15.9588 7 v
-6.12182 -15.8143 7 v
-5.26388 -15.5956 7 v
-4.44518 -15.3015 7 v
-3.67655 -14.9306 7 v
-2.96878 -14.4817 7 v
-2.33268 -13.9534 7 v
-1.77905 -13.3443 7 v
-1.3187 -12.6534 7 v
-0.962441 -11.8791 7 v
-0.72107 -11.0202 7 v
-0.605396 -10.0754 7 v
-0.649527 -9.14321 7 v

-14.6278 -19.9168 7 v
-13.4962 -19.9159 7 v
-12.3647 -19.9151 7 v
-11.2332 -19.9146 7 v
-10.1018 -19.9142 7 v
-8.97051 -19.914 7 v
-7.83923 -19.9139 7 v
-6.70798 -19.9139 7 v
-5.57674 -19.9141 7 v
-4.44549 -19.9144 7 v
-3.31423 -19.9148 7 v
-2.18294 -19.9153 7 v
-1.0516 -19.9159 7 v
0.0798049 -19.9166 7 v
1.21128 -19.9174 7 v
2.34285 -19.9182 7 v
3.47453 -19.9192 7 v
4.60633 -19.9202 7 v
5.73826 -19.9212 7 v
6.87034 -19.9223 7 v
8.00325 -19.9235 7 v

-14.6903 -19.6719 8 u
-16.4726 -19.8606 8 u
-18.3582 -20.0276 8 u
-20.3219 -20.1589 8 u
-22.338 -20.2406 8 u
-24.3811 -20.2587 8 u
-26.4256 -20.1991 8 u
-28.4462 -20.048 8 u
-30.4172 -19.7913 8 u
-32.3133 -19.4151 8 u
-34.1088 -18.9053 8 u
-35.7784 -18.2481 8 u
-37.2966 -17.4295 8 u
-38.6377 -16.4354 8 u
-39.7765 -15.2519 8 u
-40.6873 -13.865 8 u
-41.3446 -12.2608 8 u
-41.7231 -10.4253 8 u
-41.7971 -8.34442 8 u
-41.5412 -6.00429 8 u
-40.93 -3.39091 8 u

-13.9635 -14.6603 8 u
-14.5186 -14.293 8 u
-15.0867 -13.8938 8 u
-15.6656 -13.4663 8 u
-16.2531 -13.0139 8 u
-16.847 -12.54 8 u
-17.4451 -12.048 8 u
-18.0453 -11.5415 8 u
-18.6453 -11.0239 8 u
-19.243 -10.4986 8 u
-19.8362 -9.96903 8 u
-20.4227 -9.43872 8 u
-21.0003 -8.91109 8 u
-21.5668 -8.38958 8 u
-22.1201 -7.87764 8 u
-22.6579 -7.37874 8 u
-23.178 -6.8963 8 u
-23.6784 -6.43379 8 u
-24.1567 -5.99466 8 u
-24.6108 -5.58234 8 u
-25.0385 -5.20031 8 u

-14.6903 -19.6719 8 v
-14.654 -19.3452 8 v
-14.6176 -19.0487 8 v
-14.5813 -18.7787 8 v
-14.5449 -18.5315 8 v
-14.5086 -18.3034 8 v
-14.4723 -18.0906 8 v
-14.4359 -17.8896 8 v
-14.3996 -17.6967 8 v
-14.3632 -17.508 8 v
-14.3269 -17.3199 8 v
-14.2906 -17.1288 8 v
-14.2542 -16.9309 8 v
-14.2179 -16.7226 8 v
-14.1815 -16.5 8 v
-14.1452 -16.2596 8 v
-14.1088 -15.9977 8 v
-14.0725 -15.7105 8 v
-14.0362 -15.3943 8 v
-13.9998 -15.0455 8 v
-13.9635 -14.6603 8 v

-40.93 -3.39091 8 v
-40.1354 -3.38615 8 v
-39.3408 -3.40336 8 v
-38.5462 -3.44055 8 v
-37.7517 -3.49573 8 v
-36.9571 -3.5669 8 v
-36.1625 -3.65207 8 v
-35.368 -3.74927 8 v
-34.5734 -3.85648 8 v
-33.7788 -3.97173 8 v
-32.9842 -4.09302 8 v
-32.1897 -4.21837 8 v
-31.3951 -4.34577 8 v
-30.6005 -4.47324 8 v
-29.806 -4.5988 8 v
-29.0114 -4.72044 8 v
-28.2168 -4.83618 8 v
-27.4223 -4.94403 8 v
-26.6277 -5.04199 8 v
-25.8331 -5.12808 8 v
-25.0385 -5.20031 8 v

-41.2157 -3.85745 9 u
-41.0119 -3.8723 9 u
-40.8082 -3.88678 9 u
-40.6044 -3.90094 9 u
-40.4006 -3.9148 9 u
-40.1968 -3.9284 9 u
-39.993 -3.94177 9 u
-39.7892 -3.95495 9 u
-39.5854 -3.96796 9 u
-39.3816 -3.98085 9 u
-39.1778 -3.99363 9 u
-38.974 -4.00636 9 u
-38.7702 -4.01905 9 u
-38.5665 -4.03174 9 u
-38.3627 -4.04447 9 u
-38.1589 -4.05727 9 u
-37.9551 -4.07017 9 u
-37.7513 -4.0832 9 u
-37.5475 -4.0964 9 u
-37.3437 -4.1098 9 u
-37.1399 -4.12343 9 u
-36.9361 -4.13732 9 u
-36.7323 -4.15148 9 u
-36.5285 -4.16592 9 u
-36.3248 -4.18063 9 u
-36.121 -4.19562 9 u
-35.9172 -4.2109 9 u
-35.7134 -4.22646 9 u
-35.5096 -4.24231 9 u
-35.3058 -4.25846 9 u
-35.102 -4.27491 9 u
-34.8982 -4.29166 9 u
-34.6944 -4.30871 9 u
-34.4906 -4.32607 9 u
-34.2868 -4.34375 9 u
-34.0831 -4.36174 9 u
-33.8793 -4.38005 9 u
-33.6755 -4.39869 9 u
-33.4717 -4.41765 9 u
-33.2679 -4.43694 9 u
-33.0641 -4.45656 9 u
-32.8603 -4.47651 9 u
-32.6565 -4.49668 9 u
-32.4527 -4.51696 9 u
-32.2489 -4.53725 9 u
-32.0451 -4.55743 9 u
-31.8414 -4.57738 9 u
-31.6376 -4.59701 9 u
-31.4338 -4.61618 9 u
-31.23 -4.6348 9 u
-31.0262 -4.65275 9 u
-30.8224 -4.66992 9 u
-30.6186 -4.6862 9 u
-30.4148 -4.70147 9 u
-30.211 -4.71563 9 u
-30.0072 -4.72856 9 u
-29.8034 -4.74014 9 u
-29.5997 -4.75028 9 u
-29.3959 -4.75885 9 u
-29.1921 -4.76575 9 u
-28.9883 -4.77085 9 u
-28.7845 -4.77414 9 u
-28.5807 -4.7759 9 u
-28.3769 -4.77649 9 u
-28.1731 -4.77628 9 u
-27.9693 -4.77563 9 u
-27.7655 -4.77492 9 u
-27.5617 -4.77451 9 u
-27.358 -4.77476 9 u
-27.1542 -4.77605 9 u
-26.9504 -4.77874 9 u
-26.7466 -4.78319 9 u
-26.5428 -4.78978 9 u
-26.339 -4.79887 9 u
-26.1352 -4.81082 9 u
-25.9314 -4.826 9 u
-25.7276 -4.84479 9 u
-25.5238 -4.86753 9 u
-25.32 -4.89461 9 u
-25.1163 -4.92639 9 u
-24.9125 -4.96324 9 u

-38.6992 5.38213 9 u
-38.5003 5.32818 9 u
-38.3014 5.2629 9 u
-38.1026 5.1873 9 u
-37.9037 5.10236 9 u
-37.7049 5.00906 9 u
-37.506 4.90841 9 u
-37.3071 4.80138 9 u
-37.1083 4.68898 9 u
-36.9094 4.57219 9 u
-36.7105 4.452 9 u
-36.5117 4.3294 9 u
-36.3128 4.20538 9 u
-36.1139 4.08094 9 u
-35.9151 3.95706 9 u
-35.7162 3.83473 9 u
-35.5173 3.71494 9 u
-35.3185 3.59869 9 u
-35.1196 3.48696 9 u
-34.9207 3.38074 9 u
-34.7219 3.28103 9 u
-34.523 3.1884 9 u
-34.3241 3.10176 9 u
-34.1253 3.01961 9 u
-33.9264 2.94047 9 u
-33.7276 2.86282 9 u
-33.5287 2.78517 9 u
-33.3298 2.70602 9 u
-33.131 2.62386 9 u
-32.9321 2.53721 9 u
-32.7332 2.44456 9 u
-32.5344 2.34441 9 u
-32.3355 2.23526 9 u
-32.1366 2.11561 9 u
-31.9378 1.98397 9 u
-31.7389 1.83883 9 u
-31.54 1.6787 9 u
-31.3412 1.50207 9 u
-31.1423 1.30745 9 u
-30.9434 1.09333 9 u
-30.7446 0.858228 9 u
-30.5457 0.601496 9 u
-30.3469 0.325969 9 u
-30.148 0.0353423 9 u
-29.9491 -0.266687 9 u
-29.7503 -0.576424 9 u
-29.5514 -0.890172 9 u
-29.3525 -1.20423 9 u
-29.1537 -1.51492 9 u
-28.9548 -1.81852 9 u
-28.7559 -2.11135 9 u
-28.5571 -2.38971 9 u
-28.3582 -2.64991 9 u
-28.1593 -2.88824 9 u
-27.9605 -3.10102 9 u
-27.7616 -3.28454 9 u
-27.5627 -3.43511 9 u
-27.3639 -3.54904 9 u
-27.165 -3.62262 9 u
-26.9661 -3.65217 9 u
-26.7673 -3.63398 9 u
-26.5684 -3.56625 9 u
-26.3696 -3.45476 9 u
-26.1707 -3.30717 9 u
-25.9718 -3.13114 9 u
-25.773 -2.93433 9 u
-25.5741 -2.72441 9 u
-25.3752 -2.50905 9 u
-25.1764 -2.29591 9 u
-24.9775 -2.09264 9 u
-24.7786 -1.90693 9 u
-24.5798 -1.74642 9 u
-24.3809 -1.61879 9 u
-24.182 -1.53169 9 u
-23.9832 -1.4928 9 u
-23.7843 -1.50977 9 u
-23.5854 -1.59028 9 u
-23.3866 -1.74198 9 u
-23.1877 -1.97254 9 u
-22.9889 -2.28962 9 u
-22.79 -2.70088 9 u

-31.2264 10.8019 9 u
-31.0825 10.5851 9 u
-30.9387 10.3821 9 u
-30.7949 10.1917 9 u
-30.6511 10.0125 9 u
-30.5073 9.84316 9 u
-30.3635 9.68232 9 u
-30.2196 9.52866 9 u
-30.0758 9.38085 9 u
-29.932 9.23754 9 u
-29.7882 9.0974 9 u
-29.6444 8.95909 9 u
-29.5006 8.82127 9 u
-29.3568 8.68259 9 u
-29.2129 8.54173 9 u
-29.0691 8.39734 9 u
-28.9253 8.24808 9 u
-28.7815 8.09262 9 u
-28.6377 7.92962 9 u
-28.4939 7.75774 9 u
-28.3501 7.57563 9 u
-28.2062 7.38247 9 u
-28.0624 7.17943 9 u
-27.9186 6.96818 9 u
-27.7748 6.75041 9 u
-27.631 6.5278 9 u
-27.4872 6.30202 9 u
-27.3433 6.07475 9 u
-27.1995 5.84767 9 u
-27.0557 5.62246 9 u
-26.9119 5.40079 9 u
-26.7681 5.18435 9 u
-26.6243 4.97482 9 u
-26.4805 4.77386 9 u
-26.3366 4.58317 9 u
-26.1928 4.40441 9 u
-26.049 4.23928 9 u
-25.9052 4.08943 9 u
-25.7614 3.95657 9 u
-25.6176 3.84235 9 u
-25.4738 3.74847 9 u
-25.3299 3.67598 9 u
-25.1861 3.62353 9 u
-25.0423 3.58914 9 u
-24.8985 3.57083 9 u
-24.7547 3.56663 9 u
-24.6109 3.57456 9 u
-24.4671 3.59265 9 u
-24.3232 3.61891 9 u
-24.1794 3.65139 9 u
-24.0356 3.68809 9 u
-23.8918 3.72704 9 u
-23.748 3.76628 9 u
-23.6042 3.80381 9 u
-23.4603 3.83768 9 u
-23.3165 3.86589 9 u
-23.1727 3.88648 9 u
-23.0289 3.89748 9 u
-22.8851 3.89689 9 u
-22.7413 3.88276 9 u
-22.5975 3.8531 9 u
-22.4536 3.80611 9 u
-22.3098 3.74062 9 u
-22.166 3.65565 9 u
-22.0222 3.5502 9 u
-21.8784 3.42329 9 u
-21.7346 3.27393 9 u
-21.5908 3.10112 9 u
-21.4469 2.90387 9 u
-21.3031 2.6812 9 u
-21.1593 2.43211 9 u
-21.0155 2.15561 9 u
-20.8717 1.85071 9 u
-20.7279 1.51642 9 u
-20.5841 1.15175 9 u
-20.4402 0.755709 9 u
-20.2964 0.327306 9 u
-20.1526 -0.13445 9 u
-20.0088 -0.630549 9 u
-19.865 -1.16198 9 u
-19.7212 -1.72974 9 u

-21.6312 9.98603 9 u
-21.5672 9.9009 9 u
-21.5032 9.80307 9 u
-21.4392 9.69384 9 u
-21.3752 9.5745 9 u
-21.3112 9.44636 9 u
-21.2472 9.31071 9 u
-21.1832 9.16885 9 u
-21.1192 9.02208 9 u
-21.0552 8.87169 9 u
-20.9912 8.71898 9 u
-20.9271 8.56526 9 u
-20.8631 8.41181 9 u
-20.7991 8.25994 9 u
-20.7351 8.11094 9 u
-20.6711 7.96611 9 u
-20.6071 7.82675 9 u
-20.5431 7.69416 9 u
-20.4791 7.56963 9 u
-20.4151 7.45446 9 u
-20.3511 7.34994 9 u
-20.2871 7.25695 9 u
-20.2231 7.1746 9 u
-20.1591 7.10155 9 u
-20.0951 7.03649 9 u
-20.0311 6.9781 9 u
-19.9671 6.92505 9 u
-19.9031 6.87601 9 u
-19.8391 6.82968 9 u
-19.7751 6.78472 9 u
-19.7111 6.73981 9 u
-19.6471 6.69363 9 u
-19.5831 6.64486 9 u
-19.5191 6.59216 9 u
-19.4551 6.53423 9 u
-19.391 6.46974 9 u
-19.327 6.39736 9 u
-19.263 6.31577 9 u
-19.199 6.22365 9 u
-19.135 6.11968 9 u
-19.071 6.00253 9 u
-19.007 5.87125 9 u
-18.943 5.72637 9 u
-18.879 5.56878 9 u
-18.815 5.39939 9 u
-18.751 5.21909 9 u
-18.687 5.02877 9 u
-18.623 4.82934 9 u
-18.559 4.6217 9 u
-18.495 4.40673 9 u
-18.431 4.18534 9 u
-18.367 3.95843 9 u
-18.303 3.72688 9 u
-18.239 3.49161 9 u
-18.175 3.2535 9 u
-18.111 3.01346 9 u
-18.047 2.77238 9 u
-17.983 2.53116 9 u
-17.919 2.29069 9 u
-17.855 2.05188 9 u
-17.7909 1.81562 9 u
-17.7269 1.58278 9 u
-17.6629 1.35411 9 u
-17.5989 1.13035 9 u
-17.5349 0.912206 9 u
-17.4709 0.700414 9 u
-17.4069 0.495699 9 u
-17.3429 0.298784 9 u
-17.2789 0.110395 9 u
-17.2149 -0.0687412 9 u
-17.1509 -0.237901 9 u
-17.0869 -0.396358 9 u
-17.0229 -0.543387 9 u
-16.9589 -0.678263 9 u
-16.8949 -0.800261 9 u
-16.8309 -0.908654 9 u
-16.7669 -1.00272 9 u
-16.7029 -1.08173 9 u
-16.6389 -1.14496 9 u
-16.5749 -1.19168 9 u
-16.5109 -1.22117 9 u

-12.2711 8.06549 9 u
-12.2836 7.95066 9 u
-12.296 7.83515 9 u
-12.3085 7.71906 9 u
-12.321 7.60248 9 u
-12.3335 7.48548 9 u
-12.346 7.36816 9 u
-12.3585 7.2506 9 u
-12.371 7.13289 9 u
-12.3835 7.01512 9 u
-12.396 6.89737 9 u
-12.4085 6.77973 9 u
-12.421 6.66228 9 u
-12.4335 6.54512 9 u
-12.446 6.42833 9 u
-12.4584 6.31199 9 u
-12.4709 6.19619 9 u
-12.4834 6.08102 9 u
-12.4959 5.96657 9 u
-12.5084 5.85291 9 u
-12.5209 5.74015 9 u
-12.5334 5.62832 9 u
-12.5459 5.51736 9 u
-12.5584 5.40715 9 u
-12.5709 5.29757 9 u
-12.5834 5.18852 9 u
-12.5959 5.07988 9 u
-12.6084 4.97154 9 u
-12.6209 4.86339 9 u
-12.6333 4.75531 9 u
-12.6458 4.64719 9 u
-12.6583 4.53892 9 u
-12.6708 4.43038 9 u
-12.6833 4.32147 9 u
-12.6958 4.21207 9 u
-12.7083 4.10207 9 u
-12.7208 3.99135 9 u
-12.7333 3.8798 9 u
-12.7458 3.76732 9 u
-12.7583 3.65379 9 u
-12.7708 3.53908 9 u
-12.7833 3.42314 9 u
-12.7958 3.306 9 u
-12.8082 3.18775 9 u
-12.8207 3.06848 9 u
-12.8332 2.94826 9 u
-12.8457 2.82718 9 u
-12.8582 2.70533 9 u
-12.8707 2.58279 9 u
-12.8832 2.45964 9 u
-12.8957 2.33596 9 u
-12.9082 2.21185 9 u
-12.9207 2.08738 9 u
-12.9332 1.96263 9 u
-12.9457 1.8377 9 u
-12.9582 1.71266 9 u
-12.9706 1.5876 9 u
-12.9831 1.4626 9 u
-12.9956 1.33775 9 u
-13.0081 1.21313 9 u
-13.0206 1.08882 9 u
-13.0331 0.964898 9 u
-13.0456 0.841442 9 u
-13.0581 0.71851 9 u
-13.0706 0.596166 9 u
-13.0831 0.474474 9 u
-13.0956 0.353497 9 u
-13.1081 0.233301 9 u
-13.1206 0.113947 9 u
-13.1331 -0.00450017 9 u
-13.1455 -0.121976 9 u
-13.158 -0.238418 9 u
-13.1705 -0.353761 9 u
-13.183 -0.467943 9 u
-13.1955 -0.580898 9 u
-13.208 -0.692564 9 u
-13.2205 -0.802877 9 u
-13.233 -0.911773 9 u
-13.2455 -1.01919 9 u
-13.258 -1.12506 9 u
-13.2705 -1.22932 9 u

-41.2157 -3.85745 9 v
-41.1346 -3.41341 9 v
-41.055 -2.96142 9 v
-40.9759 -2.50248 9 v
-40.8962 -2.0376 9 v
-40.8149 -1.5678 9 v
-40.731 -1.09408 9 v
-40.6434 -0.617466 9 v
-40.5511 -0.138962 9 v
-40.453 0.340419 9 v
-40.3482 0.819665 9 v
-40.2356 1.29776 9 v
-40.1141 1.77371 9 v
-39.9827 2.24648 9 v
-39.8404 2.71507 9 v
-39.6862 3.17846 9 v
-39.5189 3.63566 9 v
-39.3376 4.08563 9 v
-39.1413 4.52737 9 v
-38.9288 4.95988 9 v
-38.6992 5.38213 9 v
-38.4517 5.79321 9 v
-38.1867 6.19252 9 v
-37.9049 6.57957 9 v
-37.6071 6.95387 9 v
-37.2939 7.31491 9 v
-36.966 7.66221 9 v
-36.6241 7.99525 9 v
-36.2689 8.31355 9 v
-35.9012 8.61661 9 v
-35.5216 8.90392 9 v
-35.1308 9.175 9 v
-34.7296 9.42934 9 v
-34.3185 9.66645 9 v
-33.8984 9.88583 9 v
-33.4699 10.087 9 v
-33.0338 10.2694 9 v
-32.5906 10.4326 9 v
-32.1412 10.5761 9 v
-31.6862 10.6994 9 v
-31.2264 10.8019 9 v
-30.7623 10.8836 9 v
-30.2944 10.9452 9 v
-29.823 10.9879 9 v
-29.3486 11.0131 9 v
-28.8714 11.0217 9 v
-28.3918 11.0151 9 v
-27.9103 10.9945 9 v
-27.4271 10.9609 9 v
-26.9426 10.9157 9 v
-26.4571 10.8599 9 v
-25.9711 10.7948 9 v
-25.4849 10.7216 9 v
-24.9989 10.6415 9 v
-24.5134 10.5556 9 v
-24.0287 10.4651 9 v
-23.5453 10.3713 9 v
-23.0635 10.2753 9 v
-22.5836 10.1783 9 v
-22.1061 10.0815 9 v
-21.6312 9.98603 9 v
-21.1592 9.89292 9 v
-20.69 9.80196 9 v
-20.223 9.71276 9 v
-19.7579 9.6249 9 v
-19.2943 9.53797 9 v
-18.8319 9.45155 9 v
-18.3704 9.36524 9 v
-17.9092 9.27863 9 v
-17.448 9.19129 9 v
-16.9866 9.10283 9 v
-16.5244 9.01282 9 v
-16.0611 8.92086 9 v
-15.5964 8.82654 9 v
-15.1299 8.72944 9 v
-14.6611 8.62915 9 v
-14.1898 8.52527 9 v
-13.7155 8.41737 9 v
-13.2378 8.30505 9 v
-12.7565 8.18789 9 v
-12.2711 8.06549 9 v

-37.1399 -4.12343 9 v
-37.0718 -3.76494 9 v
-37.0018 -3.40005 9 v
-36.9295 -3.02961 9 v
-36.8541 -2.65449 9 v
-36.7751 -2.27555 9 v
-36.6917 -1.89365 9 v
-36.6035 -1.50965 9 v
-36.5096 -1.12442 9 v
-36.4096 -0.738812 9 v
-36.3028 -0.353695 9 v
-36.1886 0.030073 9 v
-36.0663 0.411629 9 v
-35.9353 0.790111 9 v
-35.7949 1.16466 9 v
-35.6447 1.53441 9 v
-35.4838 1.8985 9 v
-35.3117 2.25606 9 v
-35.1278 2.60625 9 v
-34.9314 2.94819 9 v
-34.7219 3.28103 9 v
-34.4988 3.604 9 v
-34.2626 3.91681 9 v
-34.0137 4.21924 9 v
-33.7526 4.51109 9 v
-33.4799 4.79216 9 v
-33.1961 5.06224 9 v
-32.9017 5.32112 9 v
-32.5972 5.56862 9 v
-32.2832 5.80452 9 v
-31.9602 6.02861 9 v
-31.6287 6.2407 9 v
-31.2893 6.44058 9 v
-30.9424 6.62805 9 v
-30.5886 6.8029 9 v
-30.2284 6.96493 9 v
-29.8624 7.11393 9 v
-29.491 7.24971 9 v
-29.1148 7.37205 9 v
-28.7343 7.48076 9 v
-28.3501 7.57563 9 v
-27.9625 7.6566 9 v
-27.572 7.72414 9 v
-27.1788 7.77887 9 v
-26.7832 7.82142 9 v
-26.3855 7.8524 9 v
-25.9859 7.87243 9 v
-25.5847 7.88214 9 v
-25.1822 7.88213 9 v
-24.7787 7.87303 9 v
-24.3744 7.85546 9 v
-23.9697 7.83004 9 v
-23.5647 7.79738 9 v
-23.1598 7.75811 9 v
-22.7553 7.71284 9 v
-22.3514 7.66219 9 v
-21.9485 7.60678 9 v
-21.5467 7.54723 9 v
-21.1463 7.48417 9 v
-20.7477 7.4182 9 v
-20.3511 7.34994 9 v
-19.9567 7.27994 9 v
-19.5643 7.20835 9 v
-19.1736 7.13525 9 v
-18.7844 7.06074 9 v
-18.3963 6.98487 9 v
-18.0091 6.90775 9 v
-17.6225 6.82944 9 v
-17.2362 6.75003 9 v
-16.8499 6.66959 9 v
-16.4633 6.58821 9 v
-16.0762 6.50597 9 v
-15.6883 6.42294 9 v
-15.2992 6.33922 9 v
-14.9088 6.25486 9 v
-14.5166 6.16997 9 v
-14.1226 6.08461 9 v
-13.7262 5.99887 9 v
-13.3274 5.91282 9 v
-12.9257 5.82656 9 v
-12.5209 5.74015 9 v

-33.0641 -4.45656 9 v
-33.0089 -4.05847 9 v
-32.9486 -3.67745 9 v
-32.8831 -3.31297 9 v
-32.812 -2.96452 9 v
-32.7352 -2.63157 9 v
-32.6525 -2.3136 9 v
-32.5635 -2.01009 9 v
-32.4682 -1.7205 9 v
-32.3663 -1.44433 9 v
-32.2575 -1.18104 9 v
-32.1416 -0.930114 9 v
-32.0185 -0.691027 9 v
-31.8878 -0.463256 9 v
-31.7495 -0.246278 9 v
-31.6032 -0.0395708 9 v
-31.4487 0.15739 9 v
-31.2858 0.345127 9 v
-31.1143 0.524164 9 v
-30.934 0.695023 9 v
-30.7446 0.858228 9 v
-30.546 1.01436 9 v
-30.3385 1.1642 9 v
-30.1224 1.30859 9 v
-29.8981 1.44839 9 v
-29.6659 1.58443 9 v
-29.4262 1.71757 9 v
-29.1793 1.84863 9 v
-28.9255 1.97848 9 v
-28.6653 2.10794 9 v
-28.3989 2.23787 9 v
-28.1267 2.36911 9 v
-27.849 2.5025 9 v
-27.5663 2.63889 9 v
-27.2788 2.77913 9 v
-26.987 2.92405 9 v
-26.691 3.07449 9 v
-26.3914 3.23132 9 v
-26.0884 3.39536 9 v
-25.7824 3.56746 9 v
-25.4738 3.74847 9 v
-25.1628 3.93866 9 v
-24.8497 4.13604 9 v
-24.5346 4.33806 9 v
-24.2179 4.54215 9 v
-23.8996 4.74576 9 v
-23.5799 4.94633 9 v
-23.2591 5.1413 9 v
-22.9373 5.32812 9 v
-22.6148 5.50422 9 v
-22.2917 5.66705 9 v
-21.9682 5.81404 9 v
-21.6445 5.94265 9 v
-21.3208 6.05031 9 v
-20.9973 6.13447 9 v
-20.6742 6.19256 9 v
-20.3516 6.22203 9 v
-20.0298 6.22032 9 v
-19.709 6.18487 9 v
-19.3894 6.11313 9 v
-19.071 6.00253 9 v
-18.7542 5.852 9 v
-18.4387 5.66639 9 v
-18.1243 5.45201 9 v
-17.8109 5.21521 9 v
-17.4983 4.96231 9 v
-17.1863 4.69963 9 v
-16.8746 4.43351 9 v
-16.5632 4.17026 9 v
-16.2517 3.91622 9 v
-15.94 3.67771 9 v
-15.628 3.46107 9 v
-15.3154 3.27262 9 v
-15.002 3.11868 9 v
-14.6877 3.00558 9 v
-14.3722 2.93966 9 v
-14.0554 2.92724 9 v
-13.737 2.97464 9 v
-13.4169 3.0882 9 v
-13.0949 3.27424 9 v
-12.7708 3.53908 9 v

-28.9883 -4.77085 9 v
-28.946 -4.28344 9 v
-28.8954 -3.892 9 v
-28.8367 -3.58809 9 v
-28.7699 -3.36326 9 v
-28.6954 -3.20909 9 v
-28.6132 -3.11712 9 v
-28.5236 -3.07892 9 v
-28.4268 -3.08604 9 v
-28.3229 -3.13005 9 v
-28.2121 -3.20249 9 v
-28.0946 -3.29493 9 v
-27.9707 -3.39893 9 v
-27.8404 -3.50604 9 v
-27.704 -3.60783 9 v
-27.5616 -3.69585 9 v
-27.4135 -3.76166 9 v
-27.2599 -3.79682 9 v
-27.1008 -3.79289 9 v
-26.9366 -3.74142 9 v
-26.7673 -3.63398 9 v
-26.5932 -3.46455 9 v
-26.4144 -3.23682 9 v
-26.2312 -2.95691 9 v
-26.0436 -2.63095 9 v
-25.852 -2.26506 9 v
-25.6563 -1.86535 9 v
-25.4569 -1.43796 9 v
-25.2538 -0.988989 9 v
-25.0473 -0.524572 9 v
-24.8375 -0.0508259 9 v
-24.6246 0.426128 9 v
-24.4088 0.900168 9 v
-24.1902 1.36517 9 v
-23.969 1.81503 9 v
-23.7455 2.2436 9 v
-23.5197 2.64478 9 v
-23.2918 3.01244 9 v
-23.062 3.34046 9 v
-22.8305 3.62272 9 v
-22.5975 3.8531 9 v
-22.363 4.02719 9 v
-22.1273 4.14741 9 v
-21.8905 4.21791 9 v
-21.6525 4.24281 9 v
-21.4137 4.22625 9 v
-21.174 4.17237 9 v
-20.9335 4.08531 9 v
-20.6925 3.96919 9 v
-20.4509 3.82817 9 v
-20.209 3.66637 9 v
-19.9667 3.48793 9 v
-19.7243 3.29698 9 v
-19.4817 3.09767 9 v
-19.2392 2.89413 9 v
-18.9969 2.69049 9 v
-18.7548 2.49089 9 v
-18.513 2.29946 9 v
-18.2717 2.12035 9 v
-18.031 1.95769 9 v
-17.7909 1.81562 9 v
-17.5516 1.69719 9 v
-17.313 1.60119 9 v
-17.075 1.52532 9 v
-16.8375 1.46727 9 v
-16.6003 1.42476 9 v
-16.3634 1.39548 9 v
-16.1268 1.37714 9 v
-15.8901 1.36744 9 v
-15.6535 1.36409 9 v
-15.4168 1.36478 9 v
-15.1798 1.36722 9 v
-14.9425 1.36911 9 v
-14.7048 1.36815 9 v
-14.4666 1.36206 9 v
-14.2277 1.34852 9 v
-13.9882 1.32524 9 v
-13.7478 1.28993 9 v
-13.5064 1.24029 9 v
-13.2641 1.17401 9 v
-13.0206 1.08882 9 v

-24.9125 -4.96324 9 v
-24.8832 -4.79043 9 v
-24.8423 -4.6256 9 v
-24.7903 -4.46846 9 v
-24.7278 -4.31873 9 v
-24.6555 -4.17612 9 v
-24.5739 -4.04036 9 v
-24.4837 -3.91117 9 v
-24.3853 -3.78826 9 v
-24.2795 -3.67134 9 v
-24.1667 -3.56015 9 v
-24.0476 -3.4544 9 v
-23.9229 -3.3538 9 v
-23.7929 -3.25808 9 v
-23.6585 -3.16695 9 v
-23.5201 -3.08014 9 v
-23.3784 -2.99735 9 v
-23.234 -2.91832 9 v
-23.0873 -2.84275 9 v
-22.9391 -2.77036 9 v
-22.79 -2.70088 9 v
-22.6404 -2.63406 9 v
-22.4903 -2.56975 9 v
-22.3399 -2.50787 9 v
-22.1892 -2.44832 9 v
-22.038 -2.39098 9 v
-21.8864 -2.33577 9 v
-21.7344 -2.28258 9 v
-21.5821 -2.23132 9 v
-21.4293 -2.18187 9 v
-21.2761 -2.13415 9 v
-21.1225 -2.08806 9 v
-20.9685 -2.04349 9 v
-20.8141 -2.00034 9 v
-20.6593 -1.95851 9 v
-20.504 -1.91791 9 v
-20.3483 -1.87843 9 v
-20.1922 -1.83997 9 v
-20.0356 -1.80244 9 v
-19.8786 -1.76573 9 v
-19.7212 -1.72974 9 v
-19.5633 -1.6944 9 v
-19.405 -1.65975 9 v
-19.2463 -1.62584 9 v
-19.0872 -1.59274 9 v
-18.9278 -1.5605 9 v
-18.768 -1.52918 9 v
-18.608 -1.49884 9 v
-18.4476 -1.46955 9 v
-18.2871 -1.44135 9 v
-18.1263 -1.41433 9 v
-17.9652 -1.38852 9 v
-17.804 -1.364 9 v
-17.6427 -1.34082 9 v
-17.4812 -1.31904 9 v
-17.3196 -1.29872 9 v
-17.1579 -1.27993 9 v
-16.9962 -1.26272 9 v
-16.8344 -1.24715 9 v
-16.6726 -1.23328 9 v
-16.5109 -1.22117 9 v
-16.3491 -1.21086 9 v
-16.1874 -1.20227 9 v
-16.0257 -1.19531 9 v
-15.864 -1.18987 9 v
-15.7023 -1.18585 9 v
-15.5406 -1.18317 9 v
-15.3789 -1.1817 9 v
-15.2171 -1.18137 9 v
-15.0553 -1.18207 9 v
-14.8935 -1.18369 9 v
-14.7316 -1.18615 9 v
-14.5696 -1.18934 9 v
-14.4076 -1.19316 9 v
-14.2455 -1.19752 9 v
-14.0833 -1.20231 9 v
-13.921 -1.20744 9 v
-13.7585 -1.2128 9 v
-13.596 -1.2183 9 v
-13.4333 -1.22384 9 v
-13.2705 -1.22932 9 v

-0.649243 -9.14385 4 v
0.765456 -8.95958 4 v
2.18016 -8.77531 4 v
3.59485 -8.59105 4 v
5.00955 -8.40678 4 v
6.42425 -8.22251 4 v
7.83895 -8.03824 4 v
9.25365 -7.85398 4 v
10.6683 -7.66971 4 v
12.083 -7.48544 4 v
13.4977 -7.30117 4 v
14.9124 -7.11691 4 v
16.3271 -6.93264 4 v
17.7418 -6.74837 4 v
19.1565 -6.56411 4 v
20.5712 -6.37984 4 v
21.9859 -6.19557 4 v
23.4006 -6.0113 4 v
24.8153 -5.82704 4 v
26.23 -5.64277 4 v
27.6447 -5.4585 4 v

-0.649243 -9.14385 5 v
0.765456 -8.95958 5 v
2.18016 -8.77531 5 v
3.59485 -8.59105 5 v
5.00955 -8.40678 5 v
6.42425 -8.22251 5 v
7.83895 -8.03824 5 v
9.25365 -7.85398 5 v
10.6683 -7.66971 5 v
12.083 -7.48544 5 v
13.4977 -7.30117 5 v
14.9124 -7.11691 5 v
16.3271 -6.93264 5 v
17.7418 -6.74837 5 v
19.1565 -6.56411 5 v
20.5712 -6.37984 5 v
21.9859 -6.19557 5 v
23.4006 -6.0113 5 v
24.8153 -5.82704 5 v
26.23 -5.64277 5 v
27.6447 -5.4585 5 v

44.5379 7.27525 0 v
44.8738 7.41178 0 v
45.2097 7.54832 0 v
45.5456 7.68486 0 v
45.8815 7.82139 0 v
46.2174 7.95793 0 v
46.5533 8.09446 0 v
46.8891 8.231 0 v
47.225 8.36753 0 v
47.5609 8.50407 0 v
47.8968 8.6406 0 v
48.2327 8.77714 0 v
48.5686 8.91368 0 v
48.9045 9.05021 0 v
49.2404 9.18675 0 v
49.5762 9.32328 0 v
49.9121 9.45982 0 v
50.248 9.59635 0 v
50.5839 9.73289 0 v
50.9198 9.86943 0 v
51.2557 10.006 0 v

44.5387 7.27637 1 v
44.8746 7.41275 1 v
45.2106 7.54913 1 v
45.5465 7.68551 1 v
45.8824 7.82189 1 v
46.2183 7.95827 1 v
46.5542 8.09465 1 v
46.8902 8.23103 1 v
47.2261 8.36741 1 v
47.562 8.50379 1 v
47.8979 8.64017 1 v
48.2338 8.77655 1 v
48.5698 8.91293 1 v
48.9057 9.04932 1 v
49.2416 9.1857 1 v
49.5775 9.32208 1 v
49.9134 9.45846 1 v
50.2494 9.59484 1 v
50.5853 9.73122 1 v
50.9212 9.8676 1 v
51.2571 10.004 1 v

43.545 -5.23887 0 v
43.9549 -5.26541 0 v
44.3647 -5.29195 0 v
44.7746 -5.31849 0 v
45.1844 -5.34503 0 v
45.5943 -5.37157 0 v
46.0041 -5.39811 0 v
46.4139 -5.42465 0 v
46.8238 -5.45119 0 v
47.2336 -5.47773 0 v
47.6435 -5.50426 0 v
48.0533 -5.5308 0 v
48.4632 -5.55734 0 v
48.873 -5.58388 0 v
49.2829 -5.61042 0 v
49.6927 -5.63696 0 v
50.1026 -5.6635 0 v
50.5124 -5.69004 0 v
50.9223 -5.71658 0 v
51.3321 -5.74312 0 v
51.7419 -5.76966 0 v

43.5451 -5.23866 3 u
43.9548 -5.26508 3 u
44.3644 -5.29149 3 u
44.7741 -5.31791 3 u
45.1837 -5.34433 3 u
45.5934 -5.37075 3 u
46.003 -5.39717 3 u
46.4127 -5.42358 3 u
46.8223 -5.45 3 u
47.232 -5.47642 3 u
47.6416 -5.50284 3 u
48.0513 -5.52926 3 u
48.4609 -5.55567 3 u
48.8706 -5.58209 3 u
49.2802 -5.60851 3 u
49.6899 -5.63493 3 u
50.0995 -5.66135 3 u
50.5092 -5.68776 3 u
50.9188 -5.71418 3 u
51.3285 -5.7406 3 u
51.7381 -5.76702 3 u

32.7713 5.24989 1 v
32.3311 5.63431 1 v
31.8908 6.01872 1 v
31.4506 6.40314 1 v
31.0104 6.78755 1 v
30.5702 7.17197 1 v
30.13 7.55638 1 v
29.6898 7.9408 1 v
29.2496 8.32521 1 v
28.8094 8.70963 1 v
28.3692 9.09404 1 v
27.929 9.47846 1 v
27.4888 9.86287 1 v
27.0486 10.2473 1 v
26.6083 10.6317 1 v
26.1681 11.0161 1 v
25.7279 11.4005 1 v
25.2877 11.7849 1 v
24.8475 12.1694 1 v
24.4073 12.5538 1 v
23.9671 12.9382 1 v

23.9667 12.9378 2 u
24.4069 12.5534 2 u
24.8472 12.169 2 u
25.2874 11.7846 2 u
25.7276 11.4002 2 u
26.1678 11.0158 2 u
26.6081 10.6314 2 u
27.0483 10.247 2 u
27.4885 9.86265 2 u
27.9287 9.47825 2 u
28.369 9.09385 2 u
28.8092 8.70945 2 u
29.2494 8.32506 2 u
29.6896 7.94066 2 u
30.1299 7.55626 2 u
30.5701 7.17187 2 u
31.0103 6.78747 2 u
31.4505 6.40307 2 u
31.8908 6.01868 2 u
32.331 5.63428 2 u
32.7712 5.24988 2 u

12.4697 8.71932 2 u
13.2285 8.01041 2 u
13.9873 7.30151 2 u
14.746 6.59261 2 u
15.5048 5.8837 2 u
16.2635 5.1748 2 u
17.0223 4.46589 2 u
17.7811 3.75699 2 u
18.5398 3.04809 2 u
19.2986 2.33918 2 u
20.0573 1.63028 2 u
20.8161 0.921376 2 u
21.5749 0.212473 2 u
22.3336 -0.496431 2 u
23.0924 -1.20533 2 u
23.8512 -1.91424 2 u
24.6099 -2.62314 2 u
25.3687 -3.33205 2 u
26.1274 -4.04095 2 u
26.8862 -4.74985 2 u
27.645 -5.45876 2 u

12.4698 8.71934 5 u
13.2285 8.01044 5 u
13.9873 7.30155 5 u
14.746 6.59266 5 u
15.5048 5.88377 5 u
16.2635 5.17488 5 u
17.0223 4.46599 5 u
17.781 3.75709 5 u
18.5398 3.0482 5 u
19.2985 2.33931 5 u
20.0573 1.63042 5 u
20.816 0.921526 5 u
21.5748 0.212634 5 u
22.3335 -0.496258 5 u
23.0923 -1.20515 5 u
23.851 -1.91404 5 u
24.6097 -2.62293 5 u
25.3685 -3.33183 5 u
26.1272 -4.04072 5 u
26.886 -4.74961 5 u
27.6447 -5.4585 5 u

27.6447 -5.45891 3 u
27.3952 -6.18308 3 u
27.1456 -6.90724 3 u
26.8961 -7.63141 3 u
26.6466 -8.35558 3 u
26.3971 -9.07974 3 u
26.1475 -9.80391 3 u
25.898 -10.5281 3 u
25.6485 -11.2522 3 u
25.399 -11.9764 3 u
25.1495 -12.7006 3 u
24.8999 -13.4247 3 u
24.6504 -14.1489 3 u
24.4009 -14.8731 3 u
24.1514 -15.5972 3 u
23.9018 -16.3214 3 u
23.6523 -17.0456 3 u
23.4028 -17.7697 3 u
23.1533 -18.4939 3 u
22.9038 -19.2181 3 u
22.6542 -19.9422 3 u

22.6531 -19.942 4 u
22.9027 -19.2178 4 u
23.1523 -18.4937 4 u
23.4018 -17.7695 4 u
23.6514 -17.0453 4 u
23.901 -16.3211 4 u
24.1506 -15.597 4 u
24.4002 -14.8728 4 u
24.6497 -14.1486 4 u
24.8993 -13.4244 4 u
25.1489 -12.7003 4 u
25.3985 -11.9761 4 u
25.6481 -11.2519 4 u
25.8977 -10.5277 4 u
26.1472 -9.80356 4 u
26.3968 -9.07938 4 u
26.6464 -8.35521 4 u
26.896 -7.63103 4 u
27.1456 -6.90685 4 u
27.3952 -6.18268 4 u
27.6447 -5.4585 4 u

8.00312 -19.9235 4 u
7.5705 -19.3845 4 u
7.13788 -18.8455 4 u
6.70526 -18.3065 4 u
6.27264 -17.7676 4 u
5.84003 -17.2286 4 u
5.40741 -16.6896 4 u
4.97479 -16.1506 4 u
4.54217 -15.6116 4 u
4.10955 -15.0726 4 u
3.67694 -14.5337 4 u
3.24432 -13.9947 4 u
2.8117 -13.4557 4 u
2.37908 -12.9167 4 u
1.94647 -12.3777 4 u
1.51385 -11.8388 4 u
1.08123 -11.2998 4 u
0.648611 -10.7608 4 u
0.215993 -10.2218 4 u
-0.216625 -9.68283 4 u
-0.649243 -9.14385 4 u

-0.649527 -9.14321 7 u
-0.216888 -9.68222 7 u
0.215751 -10.2212 7 u
0.64839 -10.7602 7 u
1.08103 -11.2993 7 u
1.51367 -11.8383 7 u
1.94631 -12.3773 7 u
2.37895 -12.9163 7 u
2.81158 -13.4553 7 u
3.24422 -13.9943 7 u
3.67686 -14.5333 7 u
4.1095 -15.0724 7 u
4.54214 -15.6114 7 u
4.97478 -16.1504 7 u
5.40742 -16.6894 7 u
5.84006 -17.2284 7 u
6.2727 -17.7674 7 u
6.70534 -18.3064 7 u
7.13797 -18.8455 7 u
7.57061 -19.3845 7 u
8.00325 -19.9235 7 u

0.0189515 6.67842 5 u
-0.0144582 5.88731 5 u
-0.0478679 5.0962 5 u
-0.0812776 4.30508 5 u
-0.114687 3.51397 5 u
-0.148097 2.72286 5 u
-0.181507 1.93174 5 u
-0.214916 1.14063 5 u
-0.248326 0.349515 5 u
-0.281736 -0.441599 5 u
-0.315146 -1.23271 5 u
-0.348555 -2.02383 5 u
-0.381965 -2.81494 5 u
-0.415375 -3.60605 5 u
-0.448784 -4.39717 5 u
-0.482194 -5.18828 5 u
-0.515604 -5.97939 5 u
-0.549013 -6.77051 5 u
-0.582423 -7.56162 5 u
-0.615833 -8.35273 5 u
-0.649243 -9.14385 5 u

-0.649035 -9.14323 6 u
-0.615636 -8.35215 6 u
-0.582236 -7.56107 6 u
-0.548837 -6.76999 6 u
-0.515438 -5.9789 6 u
-0.482039 -5.18782 6 u
-0.44864 -4.39674 6 u
-0.41524 -3.60566 6 u
-0.381841 -2.81457 6 u
-0.348442 -2.02349 6 u
-0.315043 -1.23241 6 u
-0.281643 -0.441325 6 u
-0.248244 0.349758 6 u
-0.214845 1.14084 6 u
-0.181446 1.93192 6 u
-0.148047 2.72301 6 u
-0.114647 3.51409 6 u
-0.0812483 4.30517 6 u
-0.047849 5.09625 6 u
-0.0144498 5.88734 6 u
0.0189494 6.67842 6 u

