# Interface visualization metadata
# Format: patchA patchB sideA sideB reversed mirroredA mirroredB gap xA yA tanAx tanAy xB yB tanBx tanBy
4 5 U1 U1 0 1 0 0 13.4977 -7.30117 0.991624 0.129161 13.4977 -7.30117 0.991624 0.129161
0 1 U0 U1 0 0 0 0.177796 47.9063 8.6473 0.926734 0.375717 48.0211 8.51155 0.94039 0.340099
0 3 U1 V0 0 0 1 0.250401 47.65 -5.50089 0.997867 -0.065287 47.5872 -5.25849 0.999457 -0.0329449
1 2 U0 V1 1 0 0 0.143511 28.5067 9.1023 -0.751257 0.66001 28.3672 9.06888 0.751007 -0.660295
2 5 V0 V1 0 0 0 0.0370388 20.0779 1.59983 0.730176 -0.683259 20.057 1.63043 0.730715 -0.682682
3 4 V1 V1 1 1 1 0.150115 25.2057 -12.5613 -0.319142 -0.947707 25.1489 -12.7003 0.325835 0.945427
4 7 V0 V1 1 1 0 0.0514819 3.67694 -14.5337 -0.625958 0.779857 3.68818 -14.4834 0.621386 -0.783504
5 6 V0 V1 1 0 1 0.352949 -0.315446 -1.23267 -0.0421556 -0.999111 -0.291226 -1.58479 0.0390783 0.999236
