# Patch visualization metadata
# Format: patch mirrored jac_det center_x center_y u_dir_x u_dir_y v_dir_x v_dir_y
0 0 103.052 48.975 1.52097 -0.0306795 -0.999529 0.982479 0.186371
1 0 263.325 39.1981 13.5451 0.989759 0.142747 0.0860773 0.996288
2 0 194.667 23.0605 5.61169 0.704123 -0.710078 0.763473 0.64584
3 1 -353.319 38.498 -14.6312 0.518506 -0.855074 -0.976893 -0.213729
4 1 -302.76 14.4616 -13.5969 -0.123475 0.992348 0.996242 0.0866108
5 0 372.778 10.1057 -0.0401534 0.469903 -0.882718 0.989122 0.147099
6 1 -167.971 -5.76067 1.92511 -0.0943229 0.995542 0.993001 -0.118103
7 0 112.161 -4.21932 -17.7492 0.420175 -0.907443 0.992171 0.124889
8 1 -436.315 -27.4071 -14.3218 -0.915816 0.401599 0.836963 0.547259
9 0 339.141 -25.7055 4.39341 0.769276 -0.638917 0.92021 0.391425
