# Visualization Mesh
# Format: x y patch_id direction
# Blank line separates different grid lines
# Total lines: 62

44.5379 7.27525 0 u
44.8578 6.69542 0 u
45.1207 6.08827 0 u
45.3411 5.46768 0 u
45.52 4.83562 0 u
45.6583 4.19405 0 u
45.7572 3.54494 0 u
45.8175 2.89026 0 u
45.8403 2.23197 0 u
45.8266 1.57205 0 u
45.7775 0.912449 0 u
45.6938 0.255145 0 u
45.5766 -0.397898 0 u
45.4269 -1.04471 0 u
45.2457 -1.68334 0 u
45.034 -2.3118 0 u
44.7928 -2.92813 0 u
44.5232 -3.53037 0 u
44.226 -4.11654 0 u
43.9023 -4.68469 0 u
43.545 -5.23887 0 u

51.2557 10.006 0 u
51.4234 9.23063 0 u
51.5693 8.45098 0 u
51.6992 7.66874 0 u
51.8135 6.88417 0 u
51.9123 6.09755 0 u
51.996 5.30914 0 u
52.065 4.51919 0 u
52.1194 3.72798 0 u
52.1595 2.93577 0 u
52.1858 2.14282 0 u
52.1984 1.3494 0 u
52.1977 0.555772 0 u
52.1839 -0.237796 0 u
52.1574 -1.03104 0 u
52.1184 -1.8237 0 u
52.0672 -2.61551 0 u
52.0042 -3.4062 0 u
51.9296 -4.19551 0 u
51.8437 -4.98317 0 u
51.7419 -5.76966 0 u

44.5379 7.27525 0 v
44.8738 7.41178 0 v
45.2097 7.54832 0 v
45.5456 7.68486 0 v
45.8815 7.82139 0 v
46.2174 7.95793 0 v
46.5533 8.09446 0 v
46.8891 8.231 0 v
47.225 8.36753 0 v
47.5609 8.50407 0 v
47.8968 8.6406 0 v
48.2327 8.77714 0 v
48.5686 8.91368 0 v
48.9045 9.05021 0 v
49.2404 9.18675 0 v
49.5762 9.32328 0 v
49.9121 9.45982 0 v
50.248 9.59635 0 v
50.5839 9.73289 0 v
50.9198 9.86943 0 v
51.2557 10.006 0 v

43.545 -5.23887 0 v
43.9549 -5.26541 0 v
44.3647 -5.29195 0 v
44.7746 -5.31849 0 v
45.1844 -5.34503 0 v
45.5943 -5.37157 0 v
46.0041 -5.39811 0 v
46.4139 -5.42465 0 v
46.8238 -5.45119 0 v
47.2336 -5.47773 0 v
47.6435 -5.50426 0 v
48.0533 -5.5308 0 v
48.4632 -5.55734 0 v
48.873 -5.58388 0 v
49.2829 -5.61042 0 v
49.6927 -5.63696 0 v
50.1026 -5.6635 0 v
50.5124 -5.69004 0 v
50.9223 -5.71658 0 v
51.3321 -5.74312 0 v
51.7419 -5.76966 0 v

32.7713 5.24989 1 u
33.3307 5.59218 1 u
33.8568 5.91363 1 u
34.407 6.25847 1 u
34.9784 6.61801 1 u
35.5679 6.98356 1 u
36.1729 7.34645 1 u
36.7902 7.69799 1 u
37.4171 8.0295 1 u
38.0507 8.33229 1 u
38.688 8.59768 1 u
39.3261 8.817 1 u
39.9622 8.98155 1 u
40.5933 9.08265 1 u
41.2165 9.11163 1 u
41.829 9.05979 1 u
42.4278 8.91846 1 u
43.01 8.67895 1 u
43.5728 8.33258 1 u
44.1132 7.87066 1 u
44.5387 7.27637 1 u

23.9671 12.9382 1 u
25.4417 13.5289 1 u
26.8131 14.1919 1 u
28.2791 14.8712 1 u
29.8232 15.547 1 u
31.4283 16.1994 1 u
33.0778 16.8088 1 u
34.7548 17.3552 1 u
36.4425 17.819 1 u
38.1241 18.1804 1 u
39.7828 18.4195 1 u
41.4019 18.5167 1 u
42.9644 18.4521 1 u
44.4536 18.206 1 u
45.8527 17.7585 1 u
47.1449 17.09 1 u
48.3134 16.1806 1 u
49.3413 15.0105 1 u
50.2119 13.56 1 u
50.9084 11.8093 1 u
51.2571 10.004 1 u

32.7713 5.24989 1 v
32.3311 5.63431 1 v
31.8908 6.01872 1 v
31.4506 6.40314 1 v
31.0104 6.78755 1 v
30.5702 7.17197 1 v
30.13 7.55638 1 v
29.6898 7.9408 1 v
29.2496 8.32521 1 v
28.8094 8.70963 1 v
28.3692 9.09404 1 v
27.929 9.47846 1 v
27.4888 9.86287 1 v
27.0486 10.2473 1 v
26.6083 10.6317 1 v
26.1681 11.0161 1 v
25.7279 11.4005 1 v
25.2877 11.7849 1 v
24.8475 12.1694 1 v
24.4073 12.5538 1 v
23.9671 12.9382 1 v

44.5387 7.27637 1 v
44.8746 7.41275 1 v
45.2106 7.54913 1 v
45.5465 7.68551 1 v
45.8824 7.82189 1 v
46.2183 7.95827 1 v
46.5542 8.09465 1 v
46.8902 8.23103 1 v
47.2261 8.36741 1 v
47.562 8.50379 1 v
47.8979 8.64017 1 v
48.2338 8.77655 1 v
48.5698 8.91293 1 v
48.9057 9.04932 1 v
49.2416 9.1857 1 v
49.5775 9.32208 1 v
49.9134 9.45846 1 v
50.2494 9.59484 1 v
50.5853 9.73122 1 v
50.9212 9.8676 1 v
51.2571 10.004 1 v

12.4697 8.71932 2 u
13.2285 8.01041 2 u
13.9873 7.30151 2 u
14.746 6.59261 2 u
15.5048 5.8837 2 u
16.2635 5.1748 2 u
17.0223 4.46589 2 u
17.7811 3.75699 2 u
18.5398 3.04809 2 u
19.2986 2.33918 2 u
20.0573 1.63028 2 u
20.8161 0.921376 2 u
21.5749 0.212473 2 u
22.3336 -0.496431 2 u
23.0924 -1.20533 2 u
23.8512 -1.91424 2 u
24.6099 -2.62314 2 u
25.3687 -3.33205 2 u
26.1274 -4.04095 2 u
26.8862 -4.74985 2 u
27.645 -5.45876 2 u

23.9667 12.9378 2 u
24.4069 12.5534 2 u
24.8472 12.169 2 u
25.2874 11.7846 2 u
25.7276 11.4002 2 u
26.1678 11.0158 2 u
26.6081 10.6314 2 u
27.0483 10.247 2 u
27.4885 9.86265 2 u
27.9287 9.47825 2 u
28.369 9.09385 2 u
28.8092 8.70945 2 u
29.2494 8.32506 2 u
29.6896 7.94066 2 u
30.1299 7.55626 2 u
30.5701 7.17187 2 u
31.0103 6.78747 2 u
31.4505 6.40307 2 u
31.8908 6.01868 2 u
32.331 5.63428 2 u
32.7712 5.24988 2 u

12.4697 8.71932 2 v
13.0574 8.89299 2 v
13.6435 9.07184 2 v
14.228 9.25568 2 v
14.8109 9.44428 2 v
15.3923 9.63743 2 v
15.9722 9.83493 2 v
16.5507 10.0366 2 v
17.1278 10.2421 2 v
17.7036 10.4514 2 v
18.2781 10.6642 2 v
18.8514 10.8802 2 v
19.4236 11.0994 2 v
19.9947 11.3214 2 v
20.5648 11.546 2 v
21.1339 11.7731 2 v
21.702 12.0025 2 v
22.2693 12.2338 2 v
22.8358 12.467 2 v
23.4016 12.7018 2 v
23.9667 12.9378 2 v

27.645 -5.45876 2 v
27.301 -4.84935 2 v
27.0204 -4.18409 2 v
26.8382 -3.5254 2 v
26.7483 -2.87481 2 v
26.7444 -2.23381 2 v
26.8202 -1.60393 2 v
26.9696 -0.986672 2 v
27.1862 -0.38356 2 v
27.464 0.203898 2 v
27.7965 0.774187 2 v
28.1777 1.32579 2 v
28.6013 1.85721 2 v
29.061 2.36691 2 v
29.5506 2.85339 2 v
30.0639 3.31513 2 v
30.5947 3.75063 2 v
31.1367 4.15836 2 v
31.6837 4.53682 2 v
32.2294 4.88448 2 v
32.7712 5.24988 2 v

43.5451 -5.23866 3 u
43.9548 -5.26508 3 u
44.3644 -5.29149 3 u
44.7741 -5.31791 3 u
45.1837 -5.34433 3 u
45.5934 -5.37075 3 u
46.003 -5.39717 3 u
46.4127 -5.42358 3 u
46.8223 -5.45 3 u
47.232 -5.47642 3 u
47.6416 -5.50284 3 u
48.0513 -5.52926 3 u
48.4609 -5.55567 3 u
48.8706 -5.58209 3 u
49.2802 -5.60851 3 u
49.6899 -5.63493 3 u
50.0995 -5.66135 3 u
50.5092 -5.68776 3 u
50.9188 -5.71418 3 u
51.3285 -5.7406 3 u
51.7381 -5.76702 3 u

27.6447 -5.45891 3 u
27.3952 -6.18308 3 u
27.1456 -6.90724 3 u
26.8961 -7.63141 3 u
26.6466 -8.35558 3 u
26.3971 -9.07974 3 u
26.1475 -9.80391 3 u
25.898 -10.5281 3 u
25.6485 -11.2522 3 u
25.399 -11.9764 3 u
25.1495 -12.7006 3 u
24.8999 -13.4247 3 u
24.6504 -14.1489 3 u
24.4009 -14.8731 3 u
24.1514 -15.5972 3 u
23.9018 -16.3214 3 u
23.6523 -17.0456 3 u
23.4028 -17.7697 3 u
23.1533 -18.4939 3 u
22.9038 -19.2181 3 u
22.6542 -19.9422 3 u

43.5451 -5.23866 3 v
42.9847 -6.03446 3 v
42.3753 -6.86048 3 v
41.6888 -7.60035 3 v
40.9349 -8.25234 3 v
40.1235 -8.81472 3 v
39.2642 -9.28578 3 v
38.3666 -9.66377 3 v
37.4406 -9.94699 3 v
36.4959 -10.1337 3 v
35.5421 -10.2221 3 v
34.5889 -10.2106 3 v
33.6462 -10.0975 3 v
32.7235 -9.88085 3 v
31.8306 -9.5591 3 v
30.9772 -9.13047 3 v
30.1731 -8.59325 3 v
29.4279 -7.94571 3 v
28.7513 -7.18612 3 v
28.1531 -6.31275 3 v
27.6447 -5.45891 3 v

51.7381 -5.76702 3 v
51.5862 -7.77079 3 v
51.2443 -9.88525 3 v
50.6608 -11.7512 3 v
49.8554 -13.3834 3 v
48.8476 -14.7967 3 v
47.657 -16.0059 3 v
46.3033 -17.0258 3 v
44.8059 -17.8712 3 v
43.1846 -18.557 3 v
41.4588 -19.0979 3 v
39.6482 -19.5087 3 v
37.7724 -19.8044 3 v
35.851 -19.9996 3 v
33.9035 -20.1092 3 v
31.9495 -20.1481 3 v
30.0087 -20.1309 3 v
28.1006 -20.0726 3 v
26.2448 -19.9879 3 v
24.4609 -19.8917 3 v
22.6542 -19.9422 3 v

8.00312 -19.9235 4 u
7.5705 -19.3845 4 u
7.13788 -18.8455 4 u
6.70526 -18.3065 4 u
6.27264 -17.7676 4 u
5.84003 -17.2286 4 u
5.40741 -16.6896 4 u
4.97479 -16.1506 4 u
4.54217 -15.6116 4 u
4.10955 -15.0726 4 u
3.67694 -14.5337 4 u
3.24432 -13.9947 4 u
2.8117 -13.4557 4 u
2.37908 -12.9167 4 u
1.94647 -12.3777 4 u
1.51385 -11.8388 4 u
1.08123 -11.2998 4 u
0.648611 -10.7608 4 u
0.215993 -10.2218 4 u
-0.216625 -9.68283 4 u
-0.649243 -9.14385 4 u

22.6531 -19.942 4 u
22.9027 -19.2178 4 u
23.1523 -18.4937 4 u
23.4018 -17.7695 4 u
23.6514 -17.0453 4 u
23.901 -16.3211 4 u
24.1506 -15.597 4 u
24.4002 -14.8728 4 u
24.6497 -14.1486 4 u
24.8993 -13.4244 4 u
25.1489 -12.7003 4 u
25.3985 -11.9761 4 u
25.6481 -11.2519 4 u
25.8977 -10.5277 4 u
26.1472 -9.80356 4 u
26.3968 -9.07938 4 u
26.6464 -8.35521 4 u
26.896 -7.63103 4 u
27.1456 -6.90685 4 u
27.3952 -6.18268 4 u
27.6447 -5.4585 4 u

8.00312 -19.9235 4 v
8.73561 -19.9243 4 v
9.46811 -19.9251 4 v
10.2006 -19.9259 4 v
10.9331 -19.9268 4 v
11.6656 -19.9276 4 v
12.3981 -19.9285 4 v
13.1306 -19.9294 4 v
13.8631 -19.9303 4 v
14.5956 -19.9312 4 v
15.3281 -19.9322 4 v
16.0606 -19.9331 4 v
16.7931 -19.9341 4 v
17.5256 -19.9351 4 v
18.2581 -19.936 4 v
18.9906 -19.937 4 v
19.7231 -19.938 4 v
20.4556 -19.939 4 v
21.1881 -19.94 4 v
21.9206 -19.941 4 v
22.6531 -19.942 4 v

-0.649243 -9.14385 4 v
0.765456 -8.95958 4 v
2.18016 -8.77531 4 v
3.59485 -8.59105 4 v
5.00955 -8.40678 4 v
6.42425 -8.22251 4 v
7.83895 -8.03824 4 v
9.25365 -7.85398 4 v
10.6683 -7.66971 4 v
12.083 -7.48544 4 v
13.4977 -7.30117 4 v
14.9124 -7.11691 4 v
16.3271 -6.93264 4 v
17.7418 -6.74837 4 v
19.1565 -6.56411 4 v
20.5712 -6.37984 4 v
21.9859 -6.19557 4 v
23.4006 -6.0113 4 v
24.8153 -5.82704 4 v
26.23 -5.64277 4 v
27.6447 -5.4585 4 v

0.0189515 6.67842 5 u
-0.0144582 5.88731 5 u
-0.0478679 5.0962 5 u
-0.0812776 4.30508 5 u
-0.114687 3.51397 5 u
-0.148097 2.72286 5 u
-0.181507 1.93174 5 u
-0.214916 1.14063 5 u
-0.248326 0.349515 5 u
-0.281736 -0.441599 5 u
-0.315146 -1.23271 5 u
-0.348555 -2.02383 5 u
-0.381965 -2.81494 5 u
-0.415375 -3.60605 5 u
-0.448784 -4.39717 5 u
-0.482194 -5.18828 5 u
-0.515604 -5.97939 5 u
-0.549013 -6.77051 5 u
-0.582423 -7.56162 5 u
-0.615833 -8.35273 5 u
-0.649243 -9.14385 5 u

12.4698 8.71934 5 u
13.2285 8.01044 5 u
13.9873 7.30155 5 u
14.746 6.59266 5 u
15.5048 5.88377 5 u
16.2635 5.17488 5 u
17.0223 4.46599 5 u
17.781 3.75709 5 u
18.5398 3.0482 5 u
19.2985 2.33931 5 u
20.0573 1.63042 5 u
20.816 0.921526 5 u
21.5748 0.212634 5 u
22.3335 -0.496258 5 u
23.0923 -1.20515 5 u
23.851 -1.91404 5 u
24.6097 -2.62293 5 u
25.3685 -3.33183 5 u
26.1272 -4.04072 5 u
26.886 -4.74961 5 u
27.6447 -5.4585 5 u

0.0189515 6.67842 5 v
0.651474 6.69441 5 v
1.28393 6.72091 5 v
1.91564 6.75776 5 v
2.54653 6.80469 5 v
3.17653 6.86145 5 v
3.80557 6.92779 5 v
4.43356 7.00345 5 v
5.06045 7.08818 5 v
5.68614 7.18172 5 v
6.31058 7.28381 5 v
6.93368 7.39421 5 v
7.55537 7.51266 5 v
8.17558 7.6389 5 v
8.79423 7.77268 5 v
9.41125 7.91374 5 v
10.0266 8.06183 5 v
10.6401 8.21669 5 v
11.2518 8.37807 5 v
11.8616 8.54572 5 v
12.4698 8.71934 5 v

-0.649243 -9.14385 5 v
0.765456 -8.95958 5 v
2.18016 -8.77531 5 v
3.59485 -8.59105 5 v
5.00955 -8.40678 5 v
6.42425 -8.22251 5 v
7.83895 -8.03824 5 v
9.25365 -7.85398 5 v
10.6683 -7.66971 5 v
12.083 -7.48544 5 v
13.4977 -7.30117 5 v
14.9124 -7.11691 5 v
16.3271 -6.93264 5 v
17.7418 -6.74837 5 v
19.1565 -6.56411 5 v
20.5712 -6.37984 5 v
21.9859 -6.19557 5 v
23.4006 -6.0113 5 v
24.8153 -5.82704 5 v
26.23 -5.64277 5 v
27.6447 -5.4585 5 v

-13.2226 -1.24258 6 u
-13.1753 -0.710764 6 u
-13.128 -0.190672 6 u
-13.0807 0.318489 6 u
-13.0334 0.817508 6 u
-12.986 1.30718 6 u
-12.9387 1.78829 6 u
-12.8914 2.26164 6 u
-12.8441 2.72801 6 u
-12.7968 3.1882 6 u
-12.7495 3.64299 6 u
-12.7021 4.09319 6 u
-12.6548 4.53958 6 u
-12.6075 4.98295 6 u
-12.5602 5.4241 6 u
-12.5129 5.86381 6 u
-12.4655 6.30288 6 u
-12.4182 6.7421 6 u
-12.3709 7.18227 6 u
-12.3236 7.62416 6 u
-12.2763 8.06858 6 u

-0.649035 -9.14323 6 u
-0.615636 -8.35215 6 u
-0.582236 -7.56107 6 u
-0.548837 -6.76999 6 u
-0.515438 -5.9789 6 u
-0.482039 -5.18782 6 u
-0.44864 -4.39674 6 u
-0.41524 -3.60566 6 u
-0.381841 -2.81457 6 u
-0.348442 -2.02349 6 u
-0.315043 -1.23241 6 u
-0.281643 -0.441325 6 u
-0.248244 0.349758 6 u
-0.214845 1.14084 6 u
-0.181446 1.93192 6 u
-0.148047 2.72301 6 u
-0.114647 3.51409 6 u
-0.0812483 4.30517 6 u
-0.047849 5.09625 6 u
-0.0144498 5.88734 6 u
0.0189494 6.67842 6 u

-13.2226 -1.24258 6 v
-12.4768 -1.29124 6 v
-11.7075 -1.36919 6 v
-10.9205 -1.47761 6 v
-10.1218 -1.61769 6 v
-9.31743 -1.79062 6 v
-8.51322 -1.99758 6 v
-7.71516 -2.23976 6 v
-6.92917 -2.51834 6 v
-6.16121 -2.83451 6 v
-5.41721 -3.18946 6 v
-4.70311 -3.58437 6 v
-4.02486 -4.02043 6 v
-3.38839 -4.49883 6 v
-2.79964 -5.02074 6 v
-2.26457 -5.58737 6 v
-1.78909 -6.19988 6 v
-1.37917 -6.85947 6 v
-1.04073 -7.56733 6 v
-0.779714 -8.32463 6 v
-0.649035 -9.14323 6 v

-12.2763 8.06858 6 v
-11.669 7.96627 6 v
-11.0607 7.85894 6 v
-10.4516 7.74804 6 v
-9.84156 7.635 6 v
-9.23065 7.52129 6 v
-8.6189 7.40834 6 v
-8.00633 7.29759 6 v
-7.39297 7.19049 6 v
-6.77885 7.0885 6 v
-6.16398 6.99305 6 v
-5.54841 6.90558 6 v
-4.93215 6.82755 6 v
-4.31522 6.7604 6 v
-3.69766 6.70557 6 v
-3.07949 6.66452 6 v
-2.46074 6.63868 6 v
-1.84142 6.62949 6 v
-1.22157 6.63842 6 v
-0.601219 6.6669 6 v
0.0189494 6.67842 6 v

-13.8268 -14.6025 7 u
-13.8668 -14.8682 7 u
-13.9069 -15.1339 7 u
-13.9469 -15.3996 7 u
-13.987 -15.6653 7 u
-14.027 -15.9311 7 u
-14.0671 -16.1968 7 u
-14.1072 -16.4625 7 u
-14.1472 -16.7282 7 u
-14.1873 -16.9939 7 u
-14.2273 -17.2596 7 u
-14.2674 -17.5253 7 u
-14.3074 -17.791 7 u
-14.3475 -18.0568 7 u
-14.3875 -18.3225 7 u
-14.4276 -18.5882 7 u
-14.4676 -18.8539 7 u
-14.5077 -19.1196 7 u
-14.5477 -19.3853 7 u
-14.5878 -19.651 7 u
-14.6278 -19.9168 7 u

-0.649527 -9.14321 7 u
-0.216888 -9.68222 7 u
0.215751 -10.2212 7 u
0.64839 -10.7602 7 u
1.08103 -11.2993 7 u
1.51367 -11.8383 7 u
1.94631 -12.3773 7 u
2.37895 -12.9163 7 u
2.81158 -13.4553 7 u
3.24422 -13.9943 7 u
3.67686 -14.5333 7 u
4.1095 -15.0724 7 u
4.54214 -15.6114 7 u
4.97478 -16.1504 7 u
5.40742 -16.6894 7 u
5.84006 -17.2284 7 u
6.2727 -17.7674 7 u
6.70534 -18.3064 7 u
7.13797 -18.8455 7 u
7.57061 -19.3845 7 u
8.00325 -19.9235 7 u

-13.8268 -14.6025 7 v
-13.1018 -15.0041 7 v
-12.3188 -15.342 7 v
-11.4887 -15.615 7 v
-10.6221 -15.8216 7 v
-9.73002 -15.9606 7 v
-8.82312 -16.0307 7 v
-7.91225 -16.0305 7 v
-7.00821 -15.9588 7 v
-6.12182 -15.8143 7 v
-5.26388 -15.5956 7 v
-4.44518 -15.3015 7 v
-3.67655 -14.9306 7 v
-2.96878 -14.4817 7 v
-2.33268 -13.9534 7 v
-1.77905 -13.3443 7 v
-1.3187 -12.6534 7 v
-0.962441 -11.8791 7 v
-0.72107 -11.0202 7 v
-0.605396 -10.0754 7 v
-0.649527 -9.14321 7 v

-14.6278 -19.9168 7 v
-13.4962 -19.9159 7 v
-12.3647 -19.9151 7 v
-11.2332 -19.9146 7 v
-10.1018 -19.9142 7 v
-8.97051 -19.914 7 v
-7.83923 -19.9139 7 v
-6.70798 -19.9139 7 v
-5.57674 -19.9141 7 v
-4.44549 -19.9144 7 v
-3.31423 -19.9148 7 v
-2.18294 -19.9153 7 v
-1.0516 -19.9159 7 v
0.0798049 -19.9166 7 v
1.21128 -19.9174 7 v
2.34285 -19.9182 7 v
3.47453 -19.9192 7 v
4.60633 -19.9202 7 v
5.73826 -19.9212 7 v
6.87034 -19.9223 7 v
8.00325 -19.9235 7 v

-14.6903 -19.6719 8 u
-16.4726 -19.8606 8 u
-18.3582 -20.0276 8 u
-20.3219 -20.1589 8 u
-22.338 -20.2406 8 u
-24.3811 -20.2587 8 u
-26.4256 -20.1991 8 u
-28.4462 -20.048 8 u
-30.4172 -19.7913 8 u
-32.3133 -19.4151 8 u
-34.1088 -18.9053 8 u
-35.7784 -18.2481 8 u
-37.2966 -17.4295 8 u
-38.6377 -16.4354 8 u
-39.7765 -15.2519 8 u
-40.6873 -13.865 8 u
-41.3446 -12.2608 8 u
-41.7231 -10.4253 8 u
-41.7971 -8.34442 8 u
-41.5412 -6.00429 8 u
-40.93 -3.39091 8 u

-13.9635 -14.6603 8 u
-14.5186 -14.293 8 u
-15.0867 -13.8938 8 u
-15.6656 -13.4663 8 u
-16.2531 -13.0139 8 u
-16.847 -12.54 8 u
-17.4451 -12.048 8 u
-18.0453 -11.5415 8 u
-18.6453 -11.0239 8 u
-19.243 -10.4986 8 u
-19.8362 -9.96903 8 u
-20.4227 -9.43872 8 u
-21.0003 -8.91109 8 u
-21.5668 -8.38958 8 u
-22.1201 -7.87764 8 u
-22.6579 -7.37874 8 u
-23.178 -6.8963 8 u
-23.6784 -6.43379 8 u
-24.1567 -5.99466 8 u
-24.6108 -5.58234 8 u
-25.0385 -5.20031 8 u

-14.6903 -19.6719 8 v
-14.654 -19.3452 8 v
-14.6176 -19.0487 8 v
-14.5813 -18.7787 8 v
-14.5449 -18.5315 8 v
-14.5086 -18.3034 8 v
-14.4723 -18.0906 8 v
-14.4359 -17.8896 8 v
-14.3996 -17.6967 8 v
-14.3632 -17.508 8 v
-14.3269 -17.3199 8 v
-14.2906 -17.1288 8 v
-14.2542 -16.9309 8 v
-14.2179 -16.7226 8 v
-14.1815 -16.5 8 v
-14.1452 -16.2596 8 v
-14.1088 -15.9977 8 v
-14.0725 -15.7105 8 v
-14.0362 -15.3943 8 v
-13.9998 -15.0455 8 v
-13.9635 -14.6603 8 v

-40.93 -3.39091 8 v
-40.1354 -3.38615 8 v
-39.3408 -3.40336 8 v
-38.5462 -3.44055 8 v
-37.7517 -3.49573 8 v
-36.9571 -3.5669 8 v
-36.1625 -3.65207 8 v
-35.368 -3.74927 8 v
-34.5734 -3.85648 8 v
-33.7788 -3.97173 8 v
-32.9842 -4.09302 8 v
-32.1897 -4.21837 8 v
-31.3951 -4.34577 8 v
-30.6005 -4.47324 8 v
-29.806 -4.5988 8 v
-29.0114 -4.72044 8 v
-28.2168 -4.83618 8 v
-27.4223 -4.94403 8 v
-26.6277 -5.04199 8 v
-25.8331 -5.12808 8 v
-25.0385 -5.20031 8 v

-41.2157 -3.85745 9 u
-41.0119 -3.8723 9 u
-40.8082 -3.88678 9 u
-40.6044 -3.90094 9 u
-40.4006 -3.9148 9 u
-40.1968 -3.9284 9 u
-39.993 -3.94177 9 u
-39.7892 -3.95495 9 u
-39.5854 -3.96796 9 u
-39.3816 -3.98085 9 u
-39.1778 -3.99363 9 u
-38.974 -4.00636 9 u
-38.7702 -4.01905 9 u
-38.5665 -4.03174 9 u
-38.3627 -4.04447 9 u
-38.1589 -4.05727 9 u
-37.9551 -4.07017 9 u
-37.7513 -4.0832 9 u
-37.5475 -4.0964 9 u
-37.3437 -4.1098 9 u
-37.1399 -4.12343 9 u
-36.9361 -4.13732 9 u
-36.7323 -4.15148 9 u
-36.5285 -4.16592 9 u
-36.3248 -4.18063 9 u
-36.121 -4.19562 9 u
-35.9172 -4.2109 9 u
-35.7134 -4.22646 9 u
-35.5096 -4.24231 9 u
-35.3058 -4.25846 9 u
-35.102 -4.27491 9 u
-34.8982 -4.29166 9 u
-34.6944 -4.30871 9 u
-34.4906 -4.32607 9 u
-34.2868 -4.34375 9 u
-34.0831 -4.36174 9 u
-33.8793 -4.38005 9 u
-33.6755 -4.39869 9 u
-33.4717 -4.41765 9 u
-33.2679 -4.43694 9 u
-33.0641 -4.45656 9 u
-32.8603 -4.47651 9 u
-32.6565 -4.49668 9 u
-32.4527 -4.51696 9 u
-32.2489 -4.53725 9 u
-32.0451 -4.55743 9 u
-31.8414 -4.57738 9 u
-31.6376 -4.59701 9 u
-31.4338 -4.61618 9 u
-31.23 -4.6348 9 u
-31.0262 -4.65275 9 u
-30.8224 -4.66992 9 u
-30.6186 -4.6862 9 u
-30.4148 -4.70147 9 u
-30.211 -4.71563 9 u
-30.0072 -4.72856 9 u
-29.8034 -4.74014 9 u
-29.5997 -4.75028 9 u
-29.3959 -4.75885 9 u
-29.1921 -4.76575 9 u
-28.9883 -4.77085 9 u
-28.7845 -4.77414 9 u
-28.5807 -4.7759 9 u
-28.3769 -4.77649 9 u
-28.1731 -4.77628 9 u
-27.9693 -4.77563 9 u
-27.7655 -4.77492 9 u
-27.5617 -4.77451 9 u
-27.358 -4.77476 9 u
-27.1542 -4.77605 9 u
-26.9504 -4.77874 9 u
-26.7466 -4.78319 9 u
-26.5428 -4.78978 9 u
-26.339 -4.79887 9 u
-26.1352 -4.81082 9 u
-25.9314 -4.826 9 u
-25.7276 -4.84479 9 u
-25.5238 -4.86753 9 u
-25.32 -4.89461 9 u
-25.1163 -4.92639 9 u
-24.9125 -4.96324 9 u

-38.6992 5.38213 9 u
-38.347 5.21315 9 u
-38.0185 5.05359 9 u
-37.7123 4.90282 9 u
-37.4267 4.76023 9 u
-37.1604 4.62518 9 u
-36.9118 4.49706 9 u
-36.6793 4.37525 9 u
-36.4616 4.25911 9 u
-36.2571 4.14804 9 u
-36.0642 4.0414 9 u
-35.8816 3.93857 9 u
-35.7076 3.83893 9 u
-35.5409 3.74186 9 u
-35.3798 3.64673 9 u
-35.2229 3.55293 9 u
-35.0687 3.45982 9 u
-34.9157 3.3668 9 u
-34.7623 3.27322 9 u
-34.6071 3.17848 9 u
-34.4486 3.08194 9 u
-34.2856 2.98309 9 u
-34.1181 2.88176 9 u
-33.9463 2.77791 9 u
-33.7705 2.67148 9 u
-33.5912 2.56242 9 u
-33.4085 2.45068 9 u
-33.2228 2.33618 9 u
-33.0344 2.2189 9 u
-32.8435 2.09876 9 u
-32.6505 1.97571 9 u
-32.4556 1.8497 9 u
-32.2592 1.72068 9 u
-32.0616 1.58859 9 u
-31.8631 1.45337 9 u
-31.6639 1.31498 9 u
-31.4644 1.17334 9 u
-31.2648 1.02842 9 u
-31.0655 0.880162 9 u
-30.8667 0.728501 9 u
-30.6689 0.573387 9 u
-30.4721 0.414931 9 u
-30.2764 0.253903 9 u
-30.0816 0.0912362 9 u
-29.8878 -0.072134 9 u
-29.6947 -0.235273 9 u
-29.5023 -0.397247 9 u
-29.3105 -0.55712 9 u
-29.1192 -0.713958 9 u
-28.9284 -0.866828 9 u
-28.7378 -1.01479 9 u
-28.5475 -1.15692 9 u
-28.3574 -1.29227 9 u
-28.1672 -1.41992 9 u
-27.9771 -1.53892 9 u
-27.7867 -1.64835 9 u
-27.5962 -1.74727 9 u
-27.4053 -1.83474 9 u
-27.214 -1.90983 9 u
-27.0222 -1.9716 9 u
-26.8297 -2.01912 9 u
-26.6366 -2.05198 9 u
-26.4428 -2.07185 9 u
-26.2481 -2.0809 9 u
-26.0527 -2.08134 9 u
-25.8565 -2.07534 9 u
-25.6593 -2.06509 9 u
-25.4613 -2.05279 9 u
-25.2624 -2.04061 9 u
-25.0624 -2.03075 9 u
-24.8615 -2.0254 9 u
-24.6595 -2.02674 9 u
-24.4565 -2.03696 9 u
-24.2524 -2.05824 9 u
-24.0471 -2.09278 9 u
-23.8407 -2.14276 9 u
-23.6331 -2.21038 9 u
-23.4243 -2.29781 9 u
-23.2141 -2.40724 9 u
-23.0027 -2.54087 9 u
-22.79 -2.70088 9 u

-31.2264 10.8019 9 u
-31.0302 10.4917 9 u
-30.8437 10.2032 9 u
-30.6662 9.93502 9 u
-30.4972 9.6857 9 u
-30.336 9.4539 9 u
-30.1821 9.23821 9 u
-30.0348 9.03726 9 u
-29.8935 8.84965 9 u
-29.7577 8.67399 9 u
-29.6268 8.5089 9 u
-29.5001 8.35298 9 u
-29.3771 8.20484 9 u
-29.2571 8.06309 9 u
-29.1396 7.92635 9 u
-29.0239 7.79322 9 u
-28.9095 7.66232 9 u
-28.7957 7.53226 9 u
-28.682 7.40163 9 u
-28.5678 7.26907 9 u
-28.4524 7.13317 9 u
-28.3354 6.99288 9 u
-28.2167 6.84846 9 u
-28.0963 6.70054 9 u
-27.9741 6.54969 9 u
-27.8503 6.39654 9 u
-27.7249 6.24168 9 u
-27.5978 6.08571 9 u
-27.4691 5.92924 9 u
-27.3389 5.77288 9 u
-27.207 5.61722 9 u
-27.0735 5.46287 9 u
-26.9385 5.31043 9 u
-26.802 5.16051 9 u
-26.664 5.0137 9 u
-26.5244 4.87062 9 u
-26.3834 4.73186 9 u
-26.2409 4.59803 9 u
-26.097 4.46973 9 u
-25.9516 4.34756 9 u
-25.8048 4.23214 9 u
-25.6567 4.12385 9 u
-25.5073 4.02228 9 u
-25.357 3.9268 9 u
-25.2059 3.8368 9 u
-25.0541 3.75166 9 u
-24.902 3.67075 9 u
-24.7497 3.59345 9 u
-24.5973 3.51915 9 u
-24.4452 3.44721 9 u
-24.2935 3.37701 9 u
-24.1424 3.30794 9 u
-23.9921 3.23938 9 u
-23.8428 3.17069 9 u
-23.6947 3.10127 9 u
-23.548 3.03049 9 u
-23.4029 2.95772 9 u
-23.2597 2.88235 9 u
-23.1184 2.80375 9 u
-22.9793 2.7213 9 u
-22.8427 2.63439 9 u
-22.7085 2.54229 9 u
-22.5762 2.44393 9 u
-22.4451 2.33815 9 u
-22.3145 2.22376 9 u
-22.1837 2.09961 9 u
-22.052 1.96452 9 u
-21.9187 1.81733 9 u
-21.7831 1.65686 9 u
-21.6445 1.48194 9 u
-21.5022 1.29142 9 u
-21.3555 1.08411 9 u
-21.2037 0.858853 9 u
-21.0461 0.614474 9 u
-20.8819 0.349807 9 u
-20.7106 0.0636811 9 u
-20.5313 -0.245072 9 u
-20.3435 -0.577622 9 u
-20.1463 -0.935137 9 u
-19.9391 -1.31879 9 u
-19.7212 -1.72974 9 u

-21.6312 9.98603 9 u
-21.5567 9.791 9 u
-21.4861 9.60628 9 u
-21.4191 9.43133 9 u
-21.3553 9.26564 9 u
-21.2946 9.10866 9 u
-21.2365 8.95988 9 u
-21.181 8.81877 9 u
-21.1276 8.68479 9 u
-21.0761 8.55743 9 u
-21.0263 8.43615 9 u
-20.9778 8.32042 9 u
-20.9304 8.20972 9 u
-20.8838 8.10353 9 u
-20.8377 8.00131 9 u
-20.7919 7.90253 9 u
-20.746 7.80667 9 u
-20.6999 7.7132 9 u
-20.6532 7.62159 9 u
-20.6056 7.53132 9 u
-20.5569 7.44185 9 u
-20.5069 7.35272 9 u
-20.4555 7.26367 9 u
-20.4028 7.1745 9 u
-20.3489 7.08501 9 u
-20.2937 6.99501 9 u
-20.2373 6.90429 9 u
-20.1798 6.81266 9 u
-20.1212 6.71991 9 u
-20.0615 6.62585 9 u
-20.0009 6.53028 9 u
-19.9392 6.43301 9 u
-19.8767 6.33382 9 u
-19.8132 6.23252 9 u
-19.749 6.12892 9 u
-19.6839 6.02281 9 u
-19.6181 5.914 9 u
-19.5516 5.80229 9 u
-19.4844 5.68747 9 u
-19.4166 5.56935 9 u
-19.3483 5.44773 9 u
-19.2794 5.32246 9 u
-19.21 5.19363 9 u
-19.1403 5.06135 9 u
-19.0703 4.92577 9 u
-19.0001 4.787 9 u
-18.9298 4.64518 9 u
-18.8594 4.50044 9 u
-18.7891 4.3529 9 u
-18.7189 4.20271 9 u
-18.649 4.04997 9 u
-18.5793 3.89483 9 u
-18.5099 3.73742 9 u
-18.4411 3.57786 9 u
-18.3728 3.41629 9 u
-18.3051 3.25282 9 u
-18.2381 3.0876 9 u
-18.1719 2.92076 9 u
-18.1065 2.75241 9 u
-18.0421 2.58269 9 u
-17.9787 2.41174 9 u
-17.9164 2.23965 9 u
-17.8549 2.06647 9 u
-17.7938 1.89221 9 u
-17.7329 1.71688 9 u
-17.6717 1.5405 9 u
-17.6101 1.36309 9 u
-17.5476 1.18466 9 u
-17.484 1.00521 9 u
-17.4189 0.824781 9 u
-17.3519 0.643371 9 u
-17.2828 0.461 9 u
-17.2112 0.277682 9 u
-17.1369 0.0934311 9 u
-17.0594 -0.0917366 9 u
-16.9785 -0.277807 9 u
-16.8938 -0.464764 9 u
-16.805 -0.652595 9 u
-16.7118 -0.841283 9 u
-16.6139 -1.03081 9 u
-16.5109 -1.22117 9 u

-12.2711 8.06549 9 u
-12.2836 7.95066 9 u
-12.296 7.83515 9 u
-12.3085 7.71906 9 u
-12.321 7.60248 9 u
-12.3335 7.48548 9 u
-12.346 7.36816 9 u
-12.3585 7.2506 9 u
-12.371 7.13289 9 u
-12.3835 7.01512 9 u
-12.396 6.89737 9 u
-12.4085 6.77973 9 u
-12.421 6.66228 9 u
-12.4335 6.54512 9 u
-12.446 6.42833 9 u
-12.4584 6.31199 9 u
-12.4709 6.19619 9 u
-12.4834 6.08102 9 u
-12.4959 5.96657 9 u
-12.5084 5.85291 9 u
-12.5209 5.74015 9 u
-12.5334 5.62832 9 u
-12.5459 5.51736 9 u
-12.5584 5.40715 9 u
-12.5709 5.29757 9 u
-12.5834 5.18852 9 u
-12.5959 5.07988 9 u
-12.6084 4.97154 9 u
-12.6209 4.86339 9 u
-12.6333 4.75531 9 u
-12.6458 4.64719 9 u
-12.6583 4.53892 9 u
-12.6708 4.43038 9 u
-12.6833 4.32147 9 u
-12.6958 4.21207 9 u
-12.7083 4.10207 9 u
-12.7208 3.99135 9 u
-12.7333 3.8798 9 u
-12.7458 3.76732 9 u
-12.7583 3.65379 9 u
-12.7708 3.53908 9 u
-12.7833 3.42314 9 u
-12.7958 3.306 9 u
-12.8082 3.18775 9 u
-12.8207 3.06848 9 u
-12.8332 2.94826 9 u
-12.8457 2.82718 9 u
-12.8582 2.70533 9 u
-12.8707 2.58279 9 u
-12.8832 2.45964 9 u
-12.8957 2.33596 9 u
-12.9082 2.21185 9 u
-12.9207 2.08738 9 u
-12.9332 1.96263 9 u
-12.9457 1.8377 9 u
-12.9582 1.71266 9 u
-12.9706 1.5876 9 u
-12.9831 1.4626 9 u
-12.9956 1.33775 9 u
-13.0081 1.21313 9 u
-13.0206 1.08882 9 u
-13.0331 0.964898 9 u
-13.0456 0.841442 9 u
-13.0581 0.71851 9 u
-13.0706 0.596166 9 u
-13.0831 0.474474 9 u
-13.0956 0.353497 9 u
-13.1081 0.233301 9 u
-13.1206 0.113947 9 u
-13.1331 -0.00450017 9 u
-13.1455 -0.121976 9 u
-13.158 -0.238418 9 u
-13.1705 -0.353761 9 u
-13.183 -0.467943 9 u
-13.1955 -0.580898 9 u
-13.208 -0.692564 9 u
-13.2205 -0.802877 9 u
-13.233 -0.911773 9 u
-13.2455 -1.01919 9 u
-13.258 -1.12506 9 u
-13.2705 -1.22932 9 u

-41.2157 -3.85745 9 v
-41.1346 -3.41341 9 v
-41.055 -2.96142 9 v
-40.9759 -2.50248 9 v
-40.8962 -2.0376 9 v
-40.8149 -1.5678 9 v
-40.731 -1.09408 9 v
-40.6434 -0.617466 9 v
-40.5511 -0.138962 9 v
-40.453 0.340419 9 v
-40.3482 0.819665 9 v
-40.2356 1.29776 9 v
-40.1141 1.77371 9 v
-39.9827 2.24648 9 v
-39.8404 2.71507 9 v
-39.6862 3.17846 9 v
-39.5189 3.63566 9 v
-39.3376 4.08563 9 v
-39.1413 4.52737 9 v
-38.9288 4.95988 9 v
-38.6992 5.38213 9 v
-38.4517 5.79321 9 v
-38.1867 6.19252 9 v
-37.9049 6.57957 9 v
-37.6071 6.95387 9 v
-37.2939 7.31491 9 v
-36.966 7.66221 9 v
-36.6241 7.99525 9 v
-36.2689 8.31355 9 v
-35.9012 8.61661 9 v
-35.5216 8.90392 9 v
-35.1308 9.175 9 v
-34.7296 9.42934 9 v
-34.3185 9.66645 9 v
-33.8984 9.88583 9 v
-33.4699 10.087 9 v
-33.0338 10.2694 9 v
-32.5906 10.4326 9 v
-32.1412 10.5761 9 v
-31.6862 10.6994 9 v
-31.2264 10.8019 9 v
-30.7623 10.8836 9 v
-30.2944 10.9452 9 v
-29.823 10.9879 9 v
-29.3486 11.0131 9 v
-28.8714 11.0217 9 v
-28.3918 11.0151 9 v
-27.9103 10.9945 9 v
-27.4271 10.9609 9 v
-26.9426 10.9157 9 v
-26.4571 10.8599 9 v
-25.9711 10.7948 9 v
-25.4849 10.7216 9 v
-24.9989 10.6415 9 v
-24.5134 10.5556 9 v
-24.0287 10.4651 9 v
-23.5453 10.3713 9 v
-23.0635 10.2753 9 v
-22.5836 10.1783 9 v
-22.1061 10.0815 9 v
-21.6312 9.98603 9 v
-21.1592 9.89292 9 v
-20.69 9.80196 9 v
-20.223 9.71276 9 v
-19.7579 9.6249 9 v
-19.2943 9.53797 9 v
-18.8319 9.45155 9 v
-18.3704 9.36524 9 v
-17.9092 9.27863 9 v
-17.448 9.19129 9 v
-16.9866 9.10283 9 v
-16.5244 9.01282 9 v
-16.0611 8.92086 9 v
-15.5964 8.82654 9 v
-15.1299 8.72944 9 v
-14.6611 8.62915 9 v
-14.1898 8.52527 9 v
-13.7155 8.41737 9 v
-13.2378 8.30505 9 v
-12.7565 8.18789 9 v
-12.2711 8.06549 9 v

-37.1399 -4.12343 9 v
-37.0641 -3.6973 9 v
-36.984 -3.27782 9 v
-36.8992 -2.86505 9 v
-36.8096 -2.45902 9 v
-36.7147 -2.0598 9 v
-36.6143 -1.66741 9 v
-36.508 -1.28191 9 v
-36.3955 -0.90335 9 v
-36.2765 -0.531765 9 v
-36.1507 -0.167205 9 v
-36.0178 0.190284 9 v
-35.8774 0.540657 9 v
-35.7293 0.883867 9 v
-35.5731 1.21987 9 v
-35.4085 1.54862 9 v
-35.2352 1.87007 9 v
-35.0529 2.18417 9 v
-34.8612 2.49088 9 v
-34.6599 2.79015 9 v
-34.4486 3.08194 9 v
-34.2272 3.36618 9 v
-33.9957 3.64275 9 v
-33.7545 3.91147 9 v
-33.5039 4.17221 9 v
-33.2442 4.42481 9 v
-32.9757 4.66912 9 v
-32.6986 4.90498 9 v
-32.4133 5.13224 9 v
-32.12 5.35076 9 v
-31.8191 5.56037 9 v
-31.5108 5.76092 9 v
-31.1954 5.95226 9 v
-30.8732 6.13424 9 v
-30.5446 6.30671 9 v
-30.2097 6.46951 9 v
-29.8689 6.6225 9 v
-29.5225 6.7655 9 v
-29.1707 6.89839 9 v
-28.814 7.02099 9 v
-28.4524 7.13317 9 v
-28.0864 7.23482 9 v
-27.7162 7.32611 9 v
-27.3418 7.40724 9 v
-26.9637 7.47843 9 v
-26.5819 7.53991 9 v
-26.1967 7.59187 9 v
-25.8082 7.63455 9 v
-25.4167 7.66815 9 v
-25.0224 7.69289 9 v
-24.6255 7.70898 9 v
-24.2261 7.71665 9 v
-23.8246 7.7161 9 v
-23.421 7.70755 9 v
-23.0156 7.69122 9 v
-22.6086 7.66732 9 v
-22.2003 7.63607 9 v
-21.7907 7.59768 9 v
-21.3802 7.55237 9 v
-20.9688 7.50036 9 v
-20.5569 7.44185 9 v
-20.1447 7.37713 9 v
-19.7322 7.30672 9 v
-19.3198 7.23122 9 v
-18.9077 7.15121 9 v
-18.496 7.06729 9 v
-18.085 6.98005 9 v
-17.6749 6.89007 9 v
-17.2659 6.79795 9 v
-16.8583 6.70427 9 v
-16.4521 6.60963 9 v
-16.0477 6.51462 9 v
-15.6452 6.41983 9 v
-15.2449 6.32584 9 v
-14.847 6.23325 9 v
-14.4516 6.14265 9 v
-14.059 6.05463 9 v
-13.6695 5.96978 9 v
-13.2831 5.88869 9 v
-12.9002 5.81195 9 v
-12.5209 5.74015 9 v

-33.0641 -4.45656 9 v
-32.9774 -4.06675 9 v
-32.8893 -3.69926 9 v
-32.7993 -3.35278 9 v
-32.7073 -3.02604 9 v
-32.6128 -2.71774 9 v
-32.5155 -2.42658 9 v
-32.415 -2.15128 9 v
-32.311 -1.89053 9 v
-32.2033 -1.64305 9 v
-32.0914 -1.40754 9 v
-31.9749 -1.18272 9 v
-31.8537 -0.967281 9 v
-31.7273 -0.759939 9 v
-31.5953 -0.5594 9 v
-31.4575 -0.36437 9 v
-31.3135 -0.173556 9 v
-31.163 0.0143332 9 v
-31.0056 0.200592 9 v
-30.841 0.386512 9 v
-30.6689 0.573387 9 v
-30.4889 0.762226 9 v
-30.3013 0.952903 9 v
-30.1061 1.14501 9 v
-29.9035 1.33813 9 v
-29.6938 1.53186 9 v
-29.4771 1.72579 9 v
-29.2535 1.91951 9 v
-29.0233 2.11261 9 v
-28.7865 2.30467 9 v
-28.5435 2.4953 9 v
-28.2943 2.68407 9 v
-28.0392 2.87059 9 v
-27.7783 3.05443 9 v
-27.5118 3.23519 9 v
-27.2399 3.41247 9 v
-26.9627 3.58584 9 v
-26.6804 3.7549 9 v
-26.3932 3.91925 9 v
-26.1013 4.07846 9 v
-25.8048 4.23214 9 v
-25.504 4.37986 9 v
-25.1991 4.52117 9 v
-24.8904 4.65561 9 v
-24.5782 4.78274 9 v
-24.2627 4.90209 9 v
-23.9444 5.0132 9 v
-23.6235 5.11562 9 v
-23.3003 5.20888 9 v
-22.975 5.29254 9 v
-22.648 5.36613 9 v
-22.3196 5.42919 9 v
-21.9901 5.48128 9 v
-21.6597 5.52193 9 v
-21.3288 5.55067 9 v
-20.9976 5.56707 9 v
-20.6664 5.57065 9 v
-20.3356 5.56097 9 v
-20.0055 5.53756 9 v
-19.6763 5.49996 9 v
-19.3483 5.44773 9 v
-19.0217 5.38076 9 v
-18.6964 5.30042 9 v
-18.3721 5.20844 9 v
-18.0486 5.10654 9 v
-17.7256 4.99647 9 v
-17.4028 4.87994 9 v
-17.0801 4.75868 9 v
-16.7571 4.63443 9 v
-16.4336 4.50892 9 v
-16.1094 4.38386 9 v
-15.7842 4.26099 9 v
-15.4577 4.14205 9 v
-15.1298 4.02875 9 v
-14.8 3.92284 9 v
-14.4683 3.82602 9 v
-14.1343 3.74005 9 v
-13.7978 3.66664 9 v
-13.4586 3.60752 9 v
-13.1163 3.56443 9 v
-12.7708 3.53908 9 v

-28.9883 -4.77085 9 v
-28.9213 -4.54297 9 v
-28.8504 -4.3379 9 v
-28.7755 -4.15343 9 v
-28.6967 -3.98733 9 v
-28.6137 -3.8374 9 v
-28.5265 -3.70141 9 v
-28.4352 -3.57714 9 v
-28.3395 -3.46238 9 v
-28.2394 -3.35491 9 v
-28.1349 -3.2525 9 v
-28.0259 -3.15294 9 v
-27.9123 -3.05402 9 v
-27.794 -2.95351 9 v
-27.671 -2.84919 9 v
-27.5432 -2.73885 9 v
-27.4106 -2.62026 9 v
-27.2729 -2.49121 9 v
-27.1303 -2.34949 9 v
-26.9826 -2.19286 9 v
-26.8297 -2.01912 9 v
-26.6717 -1.82678 9 v
-26.5085 -1.61725 9 v
-26.3404 -1.3927 9 v
-26.1674 -1.15528 9 v
-25.9897 -0.907155 9 v
-25.8075 -0.650469 9 v
-25.6207 -0.387382 9 v
-25.4296 -0.12005 9 v
-25.2342 0.149372 9 v
-25.0348 0.418728 9 v
-24.8314 0.685861 9 v
-24.6241 0.948617 9 v
-24.4132 1.20484 9 v
-24.1986 1.45237 9 v
-23.9806 1.68906 9 v
-23.7592 1.91275 9 v
-23.5346 2.12128 9 v
-23.3069 2.3125 9 v
-23.0762 2.48426 9 v
-22.8427 2.63439 9 v
-22.6064 2.76132 9 v
-22.3678 2.86579 9 v
-22.127 2.94913 9 v
-21.8843 3.01264 9 v
-21.6401 3.05767 9 v
-21.3945 3.08552 9 v
-21.1479 3.09751 9 v
-20.9006 3.09497 9 v
-20.6529 3.07922 9 v
-20.4049 3.05158 9 v
-20.1571 3.01337 9 v
-19.9097 2.96591 9 v
-19.6629 2.91052 9 v
-19.4172 2.84852 9 v
-19.1727 2.78124 9 v
-18.9297 2.70999 9 v
-18.6885 2.63609 9 v
-18.4494 2.56087 9 v
-18.2128 2.48564 9 v
-17.9787 2.41174 9 v
-17.7475 2.3402 9 v
-17.5186 2.271 9 v
-17.2912 2.20385 9 v
-17.0648 2.13845 9 v
-16.8387 2.07451 9 v
-16.6121 2.01172 9 v
-16.3845 1.9498 9 v
-16.1551 1.88845 9 v
-15.9233 1.82736 9 v
-15.6883 1.76626 9 v
-15.4496 1.70483 9 v
-15.2065 1.64279 9 v
-14.9582 1.57984 9 v
-14.7042 1.51568 9 v
-14.4437 1.45002 9 v
-14.176 1.38256 9 v
-13.9006 1.313 9 v
-13.6166 1.24106 9 v
-13.3235 1.16643 9 v
-13.0206 1.08882 9 v

-24.9125 -4.96324 9 v
-24.8832 -4.79043 9 v
-24.8423 -4.6256 9 v
-24.7903 -4.46846 9 v
-24.7278 -4.31873 9 v
-24.6555 -4.17612 9 v
-24.5739 -4.04036 9 v
-24.4837 -3.91117 9 v
-24.3853 -3.78826 9 v
-24.2795 -3.67134 9 v
-24.1667 -3.56015 9 v
-24.0476 -3.4544 9 v
-23.9229 -3.3538 9 v
-23.7929 -3.25808 9 v
-23.6585 -3.16695 9 v
-23.5201 -3.08014 9 v
-23.3784 -2.99735 9 v
-23.234 -2.91832 9 v
-23.0873 -2.84275 9 v
-22.9391 -2.77036 9 v
-22.79 -2.70088 9 v
-22.6404 -2.63406 9 v
-22.4903 -2.56975 9 v
-22.3399 -2.50787 9 v
-22.1892 -2.44832 9 v
-22.038 -2.39098 9 v
-21.8864 -2.33577 9 v
-21.7344 -2.28258 9 v
-21.5821 -2.23132 9 v
-21.4293 -2.18187 9 v
-21.2761 -2.13415 9 v
-21.1225 -2.08806 9 v
-20.9685 -2.04349 9 v
-20.8141 -2.00034 9 v
-20.6593 -1.95851 9 v
-20.504 -1.91791 9 v
-20.3483 -1.87843 9 v
-20.1922 -1.83997 9 v
-20.0356 -1.80244 9 v
-19.8786 -1.76573 9 v
-19.7212 -1.72974 9 v
-19.5633 -1.6944 9 v
-19.405 -1.65975 9 v
-19.2463 -1.62584 9 v
-19.0872 -1.59274 9 v
-18.9278 -1.5605 9 v
-18.768 -1.52918 9 v
-18.608 -1.49884 9 v
-18.4476 -1.46955 9 v
-18.2871 -1.44135 9 v
-18.1263 -1.41433 9 v
-17.9652 -1.38852 9 v
-17.804 -1.364 9 v
-17.6427 -1.34082 9 v
-17.4812 -1.31904 9 v
-17.3196 -1.29872 9 v
-17.1579 -1.27993 9 v
-16.9962 -1.26272 9 v
-16.8344 -1.24715 9 v
-16.6726 -1.23328 9 v
-16.5109 -1.22117 9 v
-16.3491 -1.21086 9 v
-16.1874 -1.20227 9 v
-16.0257 -1.19531 9 v
-15.864 -1.18987 9 v
-15.7023 -1.18585 9 v
-15.5406 -1.18317 9 v
-15.3789 -1.1817 9 v
-15.2171 -1.18137 9 v
-15.0553 -1.18207 9 v
-14.8935 -1.18369 9 v
-14.7316 -1.18615 9 v
-14.5696 -1.18934 9 v
-14.4076 -1.19316 9 v
-14.2455 -1.19752 9 v
-14.0833 -1.20231 9 v
-13.921 -1.20744 9 v
-13.7585 -1.2128 9 v
-13.596 -1.2183 9 v
-13.4333 -1.22384 9 v
-13.2705 -1.22932 9 v

-0.649243 -9.14385 4 v
0.765456 -8.95958 4 v
2.18016 -8.77531 4 v
3.59485 -8.59105 4 v
5.00955 -8.40678 4 v
6.42425 -8.22251 4 v
7.83895 -8.03824 4 v
9.25365 -7.85398 4 v
10.6683 -7.66971 4 v
12.083 -7.48544 4 v
13.4977 -7.30117 4 v
14.9124 -7.11691 4 v
16.3271 -6.93264 4 v
17.7418 -6.74837 4 v
19.1565 -6.56411 4 v
20.5712 -6.37984 4 v
21.9859 -6.19557 4 v
23.4006 -6.0113 4 v
24.8153 -5.82704 4 v
26.23 -5.64277 4 v
27.6447 -5.4585 4 v

-0.649243 -9.14385 5 v
0.765456 -8.95958 5 v
2.18016 -8.77531 5 v
3.59485 -8.59105 5 v
5.00955 -8.40678 5 v
6.42425 -8.22251 5 v
7.83895 -8.03824 5 v
9.25365 -7.85398 5 v
10.6683 -7.66971 5 v
12.083 -7.48544 5 v
13.4977 -7.30117 5 v
14.9124 -7.11691 5 v
16.3271 -6.93264 5 v
17.7418 -6.74837 5 v
19.1565 -6.56411 5 v
20.5712 -6.37984 5 v
21.9859 -6.19557 5 v
23.4006 -6.0113 5 v
24.8153 -5.82704 5 v
26.23 -5.64277 5 v
27.6447 -5.4585 5 v

44.5379 7.27525 0 v
44.8738 7.41178 0 v
45.2097 7.54832 0 v
45.5456 7.68486 0 v
45.8815 7.82139 0 v
46.2174 7.95793 0 v
46.5533 8.09446 0 v
46.8891 8.231 0 v
47.225 8.36753 0 v
47.5609 8.50407 0 v
47.8968 8.6406 0 v
48.2327 8.77714 0 v
48.5686 8.91368 0 v
48.9045 9.05021 0 v
49.2404 9.18675 0 v
49.5762 9.32328 0 v
49.9121 9.45982 0 v
50.248 9.59635 0 v
50.5839 9.73289 0 v
50.9198 9.86943 0 v
51.2557 10.006 0 v

44.5387 7.27637 1 v
44.8746 7.41275 1 v
45.2106 7.54913 1 v
45.5465 7.68551 1 v
45.8824 7.82189 1 v
46.2183 7.95827 1 v
46.5542 8.09465 1 v
46.8902 8.23103 1 v
47.2261 8.36741 1 v
47.562 8.50379 1 v
47.8979 8.64017 1 v
48.2338 8.77655 1 v
48.5698 8.91293 1 v
48.9057 9.04932 1 v
49.2416 9.1857 1 v
49.5775 9.32208 1 v
49.9134 9.45846 1 v
50.2494 9.59484 1 v
50.5853 9.73122 1 v
50.9212 9.8676 1 v
51.2571 10.004 1 v

43.545 -5.23887 0 v
43.9549 -5.26541 0 v
44.3647 -5.29195 0 v
44.7746 -5.31849 0 v
45.1844 -5.34503 0 v
45.5943 -5.37157 0 v
46.0041 -5.39811 0 v
46.4139 -5.42465 0 v
46.8238 -5.45119 0 v
47.2336 -5.47773 0 v
47.6435 -5.50426 0 v
48.0533 -5.5308 0 v
48.4632 -5.55734 0 v
48.873 -5.58388 0 v
49.2829 -5.61042 0 v
49.6927 -5.63696 0 v
50.1026 -5.6635 0 v
50.5124 -5.69004 0 v
50.9223 -5.71658 0 v
51.3321 -5.74312 0 v
51.7419 -5.76966 0 v

43.5451 -5.23866 3 u
43.9548 -5.26508 3 u
44.3644 -5.29149 3 u
44.7741 -5.31791 3 u
45.1837 -5.34433 3 u
45.5934 -5.37075 3 u
46.003 -5.39717 3 u
46.4127 -5.42358 3 u
46.8223 -5.45 3 u
47.232 -5.47642 3 u
47.6416 -5.50284 3 u
48.0513 -5.52926 3 u
48.4609 -5.55567 3 u
48.8706 -5.58209 3 u
49.2802 -5.60851 3 u
49.6899 -5.63493 3 u
50.0995 -5.66135 3 u
50.5092 -5.68776 3 u
50.9188 -5.71418 3 u
51.3285 -5.7406 3 u
51.7381 -5.76702 3 u

32.7713 5.24989 1 v
32.3311 5.63431 1 v
31.8908 6.01872 1 v
31.4506 6.40314 1 v
31.0104 6.78755 1 v
30.5702 7.17197 1 v
30.13 7.55638 1 v
29.6898 7.9408 1 v
29.2496 8.32521 1 v
28.8094 8.70963 1 v
28.3692 9.09404 1 v
27.929 9.47846 1 v
27.4888 9.86287 1 v
27.0486 10.2473 1 v
26.6083 10.6317 1 v
26.1681 11.0161 1 v
25.7279 11.4005 1 v
25.2877 11.7849 1 v
24.8475 12.1694 1 v
24.4073 12.5538 1 v
23.9671 12.9382 1 v

23.9667 12.9378 2 u
24.4069 12.5534 2 u
24.8472 12.169 2 u
25.2874 11.7846 2 u
25.7276 11.4002 2 u
26.1678 11.0158 2 u
26.6081 10.6314 2 u
27.0483 10.247 2 u
27.4885 9.86265 2 u
27.9287 9.47825 2 u
28.369 9.09385 2 u
28.8092 8.70945 2 u
29.2494 8.32506 2 u
29.6896 7.94066 2 u
30.1299 7.55626 2 u
30.5701 7.17187 2 u
31.0103 6.78747 2 u
31.4505 6.40307 2 u
31.8908 6.01868 2 u
32.331 5.63428 2 u
32.7712 5.24988 2 u

12.4697 8.71932 2 u
13.2285 8.01041 2 u
13.9873 7.30151 2 u
14.746 6.59261 2 u
15.5048 5.8837 2 u
16.2635 5.1748 2 u
17.0223 4.46589 2 u
17.7811 3.75699 2 u
18.5398 3.04809 2 u
19.2986 2.33918 2 u
20.0573 1.63028 2 u
20.8161 0.921376 2 u
21.5749 0.212473 2 u
22.3336 -0.496431 2 u
23.0924 -1.20533 2 u
23.8512 -1.91424 2 u
24.6099 -2.62314 2 u
25.3687 -3.33205 2 u
26.1274 -4.04095 2 u
26.8862 -4.74985 2 u
27.645 -5.45876 2 u

12.4698 8.71934 5 u
13.2285 8.01044 5 u
13.9873 7.30155 5 u
14.746 6.59266 5 u
15.5048 5.88377 5 u
16.2635 5.17488 5 u
17.0223 4.46599 5 u
17.781 3.75709 5 u
18.5398 3.0482 5 u
19.2985 2.33931 5 u
20.0573 1.63042 5 u
20.816 0.921526 5 u
21.5748 0.212634 5 u
22.3335 -0.496258 5 u
23.0923 -1.20515 5 u
23.851 -1.91404 5 u
24.6097 -2.62293 5 u
25.3685 -3.33183 5 u
26.1272 -4.04072 5 u
26.886 -4.74961 5 u
27.6447 -5.4585 5 u

27.6447 -5.45891 3 u
27.3952 -6.18308 3 u
27.1456 -6.90724 3 u
26.8961 -7.63141 3 u
26.6466 -8.35558 3 u
26.3971 -9.07974 3 u
26.1475 -9.80391 3 u
25.898 -10.5281 3 u
25.6485 -11.2522 3 u
25.399 -11.9764 3 u
25.1495 -12.7006 3 u
24.8999 -13.4247 3 u
24.6504 -14.1489 3 u
24.4009 -14.8731 3 u
24.1514 -15.5972 3 u
23.9018 -16.3214 3 u
23.6523 -17.0456 3 u
23.4028 -17.7697 3 u
23.1533 -18.4939 3 u
22.9038 -19.2181 3 u
22.6542 -19.9422 3 u

22.6531 -19.942 4 u
22.9027 -19.2178 4 u
23.1523 -18.4937 4 u
23.4018 -17.7695 4 u
23.6514 -17.0453 4 u
23.901 -16.3211 4 u
24.1506 -15.597 4 u
24.4002 -14.8728 4 u
24.6497 -14.1486 4 u
24.8993 -13.4244 4 u
25.1489 -12.7003 4 u
25.3985 -11.9761 4 u
25.6481 -11.2519 4 u
25.8977 -10.5277 4 u
26.1472 -9.80356 4 u
26.3968 -9.07938 4 u
26.6464 -8.35521 4 u
26.896 -7.63103 4 u
27.1456 -6.90685 4 u
27.3952 -6.18268 4 u
27.6447 -5.4585 4 u

8.00312 -19.9235 4 u
7.5705 -19.3845 4 u
7.13788 -18.8455 4 u
6.70526 -18.3065 4 u
6.27264 -17.7676 4 u
5.84003 -17.2286 4 u
5.40741 -16.6896 4 u
4.97479 -16.1506 4 u
4.54217 -15.6116 4 u
4.10955 -15.0726 4 u
3.67694 -14.5337 4 u
3.24432 -13.9947 4 u
2.8117 -13.4557 4 u
2.37908 -12.9167 4 u
1.94647 -12.3777 4 u
1.51385 -11.8388 4 u
1.08123 -11.2998 4 u
0.648611 -10.7608 4 u
0.215993 -10.2218 4 u
-0.216625 -9.68283 4 u
-0.649243 -9.14385 4 u

-0.649527 -9.14321 7 u
-0.216888 -9.68222 7 u
0.215751 -10.2212 7 u
0.64839 -10.7602 7 u
1.08103 -11.2993 7 u
1.51367 -11.8383 7 u
1.94631 -12.3773 7 u
2.37895 -12.9163 7 u
2.81158 -13.4553 7 u
3.24422 -13.9943 7 u
3.67686 -14.5333 7 u
4.1095 -15.0724 7 u
4.54214 -15.6114 7 u
4.97478 -16.1504 7 u
5.40742 -16.6894 7 u
5.84006 -17.2284 7 u
6.2727 -17.7674 7 u
6.70534 -18.3064 7 u
7.13797 -18.8455 7 u
7.57061 -19.3845 7 u
8.00325 -19.9235 7 u

0.0189515 6.67842 5 u
-0.0144582 5.88731 5 u
-0.0478679 5.0962 5 u
-0.0812776 4.30508 5 u
-0.114687 3.51397 5 u
-0.148097 2.72286 5 u
-0.181507 1.93174 5 u
-0.214916 1.14063 5 u
-0.248326 0.349515 5 u
-0.281736 -0.441599 5 u
-0.315146 -1.23271 5 u
-0.348555 -2.02383 5 u
-0.381965 -2.81494 5 u
-0.415375 -3.60605 5 u
-0.448784 -4.39717 5 u
-0.482194 -5.18828 5 u
-0.515604 -5.97939 5 u
-0.549013 -6.77051 5 u
-0.582423 -7.56162 5 u
-0.615833 -8.35273 5 u
-0.649243 -9.14385 5 u

-0.649035 -9.14323 6 u
-0.615636 -8.35215 6 u
-0.582236 -7.56107 6 u
-0.548837 -6.76999 6 u
-0.515438 -5.9789 6 u
-0.482039 -5.18782 6 u
-0.44864 -4.39674 6 u
-0.41524 -3.60566 6 u
-0.381841 -2.81457 6 u
-0.348442 -2.02349 6 u
-0.315043 -1.23241 6 u
-0.281643 -0.441325 6 u
-0.248244 0.349758 6 u
-0.214845 1.14084 6 u
-0.181446 1.93192 6 u
-0.148047 2.72301 6 u
-0.114647 3.51409 6 u
-0.0812483 4.30517 6 u
-0.047849 5.09625 6 u
-0.0144498 5.88734 6 u
0.0189494 6.67842 6 u

