# Patch visualization metadata
# Format: patch mirrored jac_det center_x center_y u_dir_x u_dir_y v_dir_x v_dir_y
0 0 92.4686 48.9816 1.52763 -0.0325029 -0.999472 0.982063 0.188551
1 0 219.38 39.2354 13.5086 0.983814 0.179195 0.110784 0.993845
2 0 165.989 23.0373 5.71918 0.693443 -0.720511 0.768578 0.639756
3 1 -272.304 38.5004 -14.66 0.554674 -0.832067 -0.982809 -0.184625
4 1 -274.569 14.4129 -13.6167 -0.143413 0.989663 0.996375 0.0850678
5 0 318.195 9.90416 -0.00868012 0.442024 -0.897003 0.989994 0.14111
6 1 -145.702 -5.7906 2.04922 -0.0685171 0.99765 0.998368 -0.0571025
7 0 90.1325 -4.28905 -17.7552 0.411425 -0.911444 0.991691 0.128639
8 1 -356.962 -26.9725 -14.5854 -0.940438 0.339964 0.814122 0.580694
9 0 362.05 -25.5195 4.37597 0.750971 -0.660335 0.921254 0.388961
